facebook348
224
6384
512
513
514
515
516
517
518
519
520
521
522
523
524
525
526
527
528
529
530
531
532
533
534
535
536
537
538
539
540
541
542
543
544
545
546
547
548
549
34
551
552
553
554
555
556
557
558
559
560
561
562
563
564
565
566
567
568
569
570
571
572
173
198
349
350
351
352
353
354
355
356
357
359
360
361
362
363
364
365
366
367
368
369
370
371
372
373
374
375
376
377
378
379
380
381
382
383
384
385
386
387
388
389
390
391
392
393
394
395
396
397
398
399
400
401
402
403
404
405
406
407
408
409
410
411
412
413
414
415
416
417
418
419
420
421
422
423
424
425
426
427
428
429
430
431
432
433
434
435
436
437
438
439
440
441
442
443
444
445
446
448
449
450
451
452
453
454
455
456
457
458
459
460
461
462
463
464
465
466
467
468
469
470
471
472
473
474
475
476
477
478
479
480
481
482
483
484
485
486
487
488
489
490
491
492
493
494
495
496
497
498
499
500
501
502
503
504
505
506
507
508
509
510
511
436,428,1.0
450,531,1.0
538,404,1.0
565,412,1.0
471,461,1.0
544,414,1.0
465,436,1.0
546,547,1.0
475,446,1.0
536,398,1.0
367,452,1.0
560,493,1.0
450,361,1.0
452,359,1.0
402,520,1.0
567,542,1.0
510,521,1.0
559,398,1.0
361,557,1.0
376,555,1.0
565,500,1.0
469,516,1.0
378,482,1.0
418,506,1.0
538,514,1.0
545,525,1.0
465,484,1.0
492,479,1.0
373,436,1.0
546,376,1.0
544,483,1.0
173,549,1.0
412,398,1.0
460,517,1.0
395,370,1.0
493,560,1.0
500,396,1.0
416,368,1.0
465,503,1.0
423,461,1.0
457,477,1.0
547,450,1.0
479,545,1.0
524,423,1.0
364,441,1.0
514,400,1.0
547,548,1.0
515,434,1.0
496,378,1.0
382,452,1.0
474,396,1.0
515,446,1.0
428,451,1.0
409,526,1.0
363,526,1.0
361,359,1.0
428,559,1.0
371,460,1.0
420,432,1.0
460,448,1.0
563,545,1.0
508,440,1.0
444,523,1.0
493,561,1.0
365,520,1.0
475,507,1.0
397,439,1.0
497,513,1.0
544,387,1.0
409,503,1.0
548,547,1.0
408,561,1.0
512,394,1.0
419,544,1.0
378,527,1.0
548,555,1.0
443,453,1.0
367,403,1.0
544,504,1.0
422,483,1.0
515,512,1.0
402,413,1.0
563,544,1.0
495,395,1.0
395,495,1.0
428,553,1.0
458,545,1.0
531,444,1.0
492,412,1.0
376,446,1.0
546,426,1.0
460,515,1.0
544,363,1.0
559,540,1.0
470,519,1.0
436,511,1.0
500,556,1.0
555,504,1.0
558,372,1.0
392,527,1.0
445,439,1.0
483,367,1.0
444,445,1.0
495,417,1.0
452,566,1.0
475,513,1.0
497,368,1.0
353,520,1.0
548,490,1.0
464,552,1.0
475,418,1.0
555,403,1.0
488,497,1.0
515,374,1.0
476,441,1.0
510,533,1.0
432,439,1.0
355,497,1.0
553,428,1.0
417,483,1.0
475,483,1.0
463,388,1.0
483,370,1.0
395,507,1.0
517,402,1.0
438,488,1.0
460,442,1.0
538,375,1.0
488,559,1.0
555,376,1.0
359,491,1.0
376,419,1.0
387,417,1.0
370,506,1.0
555,354,1.0
460,543,1.0
412,482,1.0
471,566,1.0
475,378,1.0
538,456,1.0
497,403,1.0
527,488,1.0
439,456,1.0
373,376,1.0
506,563,1.0
436,507,1.0
567,566,1.0
546,455,1.0
565,496,1.0
524,366,1.0
402,458,1.0
467,572,1.0
373,463,1.0
539,504,1.0
359,396,1.0
361,463,1.0
536,404,1.0
527,513,1.0
370,461,1.0
424,457,1.0
537,567,1.0
412,524,1.0
470,396,1.0
417,391,1.0
504,514,1.0
446,548,1.0
556,423,1.0
471,426,1.0
395,488,1.0
402,370,1.0
404,392,1.0
419,353,1.0
523,425,1.0
417,461,1.0
412,416,1.0
563,520,1.0
523,434,1.0
506,500,1.0
360,373,1.0
500,537,1.0
566,456,1.0
421,445,1.0
408,430,1.0
556,392,1.0
404,388,1.0
450,497,1.0
439,442,1.0
565,373,1.0
444,408,1.0
563,378,1.0
427,464,1.0
400,484,1.0
407,426,1.0
559,460,1.0
563,357,1.0
527,567,1.0
568,405,1.0
492,438,1.0
556,473,1.0
520,408,1.0
543,397,1.0
566,432,1.0
422,397,1.0
431,398,1.0
561,417,1.0
413,395,1.0
428,444,1.0
463,483,1.0
544,521,1.0
408,513,1.0
452,510,1.0
372,531,1.0
350,369,1.0
398,527,1.0
439,420,1.0
373,500,1.0
388,412,1.0
426,407,1.0
497,395,1.0
561,451,1.0
376,436,1.0
543,421,1.0
493,375,1.0
567,520,1.0
376,423,1.0
526,484,1.0
519,547,1.0
466,429,1.0
402,438,1.0
373,567,1.0
500,546,1.0
484,420,1.0
403,396,1.0
458,439,1.0
537,517,1.0
450,500,1.0
551,381,1.0
412,561,1.0
410,568,1.0
520,387,1.0
486,459,1.0
438,394,1.0
412,355,1.0
470,354,1.0
488,394,1.0
408,512,1.0
479,483,1.0
559,544,1.0
559,487,1.0
368,395,1.0
471,569,1.0
543,455,1.0
409,494,1.0
418,412,1.0
408,559,1.0
400,431,1.0
421,417,1.0
500,493,1.0
430,370,1.0
495,507,1.0
387,507,1.0
531,405,1.0
527,431,1.0
400,511,1.0
466,481,1.0
438,388,1.0
359,422,1.0
538,483,1.0
503,511,1.0
488,378,1.0
439,567,1.0
525,567,1.0
391,502,1.0
483,559,1.0
366,514,1.0
525,423,1.0
436,423,1.0
398,526,1.0
452,419,1.0
559,430,1.0
570,362,1.0
514,360,1.0
493,538,1.0
520,366,1.0
566,544,1.0
503,400,1.0
507,500,1.0
452,497,1.0
563,438,1.0
428,427,1.0
504,421,1.0
409,368,1.0
446,487,1.0
503,483,1.0
456,374,1.0
451,506,1.0
491,446,1.0
198,399,1.0
395,402,1.0
359,355,1.0
497,494,1.0
352,404,1.0
376,523,1.0
350,497,1.0
547,463,1.0
539,531,1.0
460,409,1.0
403,489,1.0
497,389,1.0
501,441,1.0
501,564,1.0
465,473,1.0
428,353,1.0
463,517,1.0
520,412,1.0
412,558,1.0
388,493,1.0
475,417,1.0
536,431,1.0
400,436,1.0
439,487,1.0
454,351,1.0
520,460,1.0
555,367,1.0
352,409,1.0
497,493,1.0
374,506,1.0
537,500,1.0
439,538,1.0
404,560,1.0
408,473,1.0
428,366,1.0
444,460,1.0
559,556,1.0
497,435,1.0
495,360,1.0
404,493,1.0
432,420,1.0
542,560,1.0
370,555,1.0
442,531,1.0
451,553,1.0
525,465,1.0
456,376,1.0
363,497,1.0
542,538,1.0
419,503,1.0
456,513,1.0
503,557,1.0
503,392,1.0
496,438,1.0
501,198,1.0
500,531,1.0
431,561,1.0
572,437,1.0
528,553,1.0
492,374,1.0
392,430,1.0
426,397,1.0
461,373,1.0
526,561,1.0
477,439,1.0
400,475,1.0
373,456,1.0
446,490,1.0
526,398,1.0
419,376,1.0
491,376,1.0
561,363,1.0
567,460,1.0
363,412,1.0
492,567,1.0
353,388,1.0
402,545,1.0
412,496,1.0
515,412,1.0
456,527,1.0
431,487,1.0
367,396,1.0
492,417,1.0
483,419,1.0
387,503,1.0
489,367,1.0
403,355,1.0
392,503,1.0
355,565,1.0
528,543,1.0
523,376,1.0
368,526,1.0
556,559,1.0
517,538,1.0
566,436,1.0
553,423,1.0
412,559,1.0
456,559,1.0
404,503,1.0
408,545,1.0
402,493,1.0
388,452,1.0
538,352,1.0
395,471,1.0
544,508,1.0
513,405,1.0
566,376,1.0
473,560,1.0
370,525,1.0
525,507,1.0
492,513,1.0
513,488,1.0
518,380,1.0
483,397,1.0
561,512,1.0
412,423,1.0
456,496,1.0
436,523,1.0
561,544,1.0
484,511,1.0
404,537,1.0
493,545,1.0
490,434,1.0
450,390,1.0
525,462,1.0
557,500,1.0
532,498,1.0
506,559,1.0
391,506,1.0
374,402,1.0
563,483,1.0
471,515,1.0
473,561,1.0
391,515,1.0
372,410,1.0
412,368,1.0
509,554,1.0
412,513,1.0
449,507,1.0
547,372,1.0
500,506,1.0
497,455,1.0
373,390,1.0
492,446,1.0
542,412,1.0
504,541,1.0
402,444,1.0
558,545,1.0
423,392,1.0
373,434,1.0
542,475,1.0
507,354,1.0
414,431,1.0
418,497,1.0
407,543,1.0
428,391,1.0
431,536,1.0
388,497,1.0
556,503,1.0
417,513,1.0
403,470,1.0
452,388,1.0
395,366,1.0
395,451,1.0
367,555,1.0
436,387,1.0
423,412,1.0
415,413,1.0
398,517,1.0
370,430,1.0
513,567,1.0
370,465,1.0
515,483,1.0
396,547,1.0
431,370,1.0
542,360,1.0
465,413,1.0
557,497,1.0
541,455,1.0
397,444,1.0
483,404,1.0
461,465,1.0
538,462,1.0
507,449,1.0
417,460,1.0
493,494,1.0
409,500,1.0
526,374,1.0
460,553,1.0
507,402,1.0
482,517,1.0
531,361,1.0
482,353,1.0
496,436,1.0
373,542,1.0
515,548,1.0
444,475,1.0
503,539,1.0
513,542,1.0
523,544,1.0
555,470,1.0
465,378,1.0
421,543,1.0
525,352,1.0
496,566,1.0
566,517,1.0
422,497,1.0
496,353,1.0
515,428,1.0
365,513,1.0
486,509,1.0
557,546,1.0
503,526,1.0
378,465,1.0
451,471,1.0
513,387,1.0
463,445,1.0
378,412,1.0
370,456,1.0
513,475,1.0
417,360,1.0
422,520,1.0
512,526,1.0
434,366,1.0
507,566,1.0
571,504,1.0
512,479,1.0
482,506,1.0
398,536,1.0
547,418,1.0
493,483,1.0
557,359,1.0
515,513,1.0
483,496,1.0
480,543,1.0
366,496,1.0
531,466,1.0
366,548,1.0
373,414,1.0
438,400,1.0
468,453,1.0
513,563,1.0
419,408,1.0
544,428,1.0
510,555,1.0
456,561,1.0
511,438,1.0
406,437,1.0
500,492,1.0
554,505,1.0
376,487,1.0
422,396,1.0
404,408,1.0
402,436,1.0
523,490,1.0
366,428,1.0
555,370,1.0
524,523,1.0
395,567,1.0
458,402,1.0
465,537,1.0
353,412,1.0
537,392,1.0
465,370,1.0
387,514,1.0
368,431,1.0
482,565,1.0
198,441,1.0
475,490,1.0
374,523,1.0
400,544,1.0
402,366,1.0
366,544,1.0
397,506,1.0
531,376,1.0
412,434,1.0
520,514,1.0
426,431,1.0
392,436,1.0
415,388,1.0
395,553,1.0
412,362,1.0
489,557,1.0
537,494,1.0
517,417,1.0
523,438,1.0
515,559,1.0
430,439,1.0
431,512,1.0
376,390,1.0
558,412,1.0
374,496,1.0
418,568,1.0
464,173,1.0
423,492,1.0
524,360,1.0
513,496,1.0
483,353,1.0
531,504,1.0
506,520,1.0
394,414,1.0
559,388,1.0
493,517,1.0
554,397,1.0
495,402,1.0
484,363,1.0
423,475,1.0
477,518,1.0
514,493,1.0
408,456,1.0
450,373,1.0
475,525,1.0
425,553,1.0
452,463,1.0
570,558,1.0
515,524,1.0
376,488,1.0
523,444,1.0
503,556,1.0
515,473,1.0
556,436,1.0
445,400,1.0
395,497,1.0
482,391,1.0
462,398,1.0
361,489,1.0
392,431,1.0
373,559,1.0
563,421,1.0
504,433,1.0
354,397,1.0
511,398,1.0
475,353,1.0
463,361,1.0
465,556,1.0
419,518,1.0
482,483,1.0
561,395,1.0
395,511,1.0
567,400,1.0
559,423,1.0
567,513,1.0
366,408,1.0
553,414,1.0
514,561,1.0
514,376,1.0
419,400,1.0
475,366,1.0
547,504,1.0
515,553,1.0
478,349,1.0
506,428,1.0
493,537,1.0
560,423,1.0
497,517,1.0
479,394,1.0
536,512,1.0
544,412,1.0
409,352,1.0
497,524,1.0
500,388,1.0
470,382,1.0
431,404,1.0
481,463,1.0
198,549,1.0
444,400,1.0
475,465,1.0
435,497,1.0
376,388,1.0
475,555,1.0
412,542,1.0
370,420,1.0
395,527,1.0
397,350,1.0
434,523,1.0
536,419,1.0
538,511,1.0
376,491,1.0
392,493,1.0
420,397,1.0
402,451,1.0
350,527,1.0
456,428,1.0
537,492,1.0
360,507,1.0
496,508,1.0
403,452,1.0
362,482,1.0
425,479,1.0
373,520,1.0
554,563,1.0
507,417,1.0
373,355,1.0
525,363,1.0
547,481,1.0
463,410,1.0
417,495,1.0
414,500,1.0
513,365,1.0
475,394,1.0
436,376,1.0
440,508,1.0
473,392,1.0
506,561,1.0
471,395,1.0
402,559,1.0
507,465,1.0
503,419,1.0
500,483,1.0
426,544,1.0
486,357,1.0
506,482,1.0
513,483,1.0
523,428,1.0
434,506,1.0
503,375,1.0
493,391,1.0
408,487,1.0
559,366,1.0
395,523,1.0
557,570,1.0
553,420,1.0
503,494,1.0
392,537,1.0
374,525,1.0
507,360,1.0
456,398,1.0
428,558,1.0
400,404,1.0
492,553,1.0
452,378,1.0
471,431,1.0
514,418,1.0
475,367,1.0
475,436,1.0
526,553,1.0
559,394,1.0
526,409,1.0
367,489,1.0
404,445,1.0
414,395,1.0
432,353,1.0
474,546,1.0
523,370,1.0
538,479,1.0
538,398,1.0
518,369,1.0
497,376,1.0
493,514,1.0
517,456,1.0
523,422,1.0
513,497,1.0
423,556,1.0
373,497,1.0
520,353,1.0
419,486,1.0
535,460,1.0
412,438,1.0
517,423,1.0
545,570,1.0
417,402,1.0
394,520,1.0
559,492,1.0
444,397,1.0
352,408,1.0
545,460,1.0
370,452,1.0
461,524,1.0
466,539,1.0
538,394,1.0
397,376,1.0
490,475,1.0
376,367,1.0
509,551,1.0
446,483,1.0
487,503,1.0
394,488,1.0
378,553,1.0
453,437,1.0
519,470,1.0
554,486,1.0
479,368,1.0
553,373,1.0
506,452,1.0
481,475,1.0
378,563,1.0
465,475,1.0
355,455,1.0
544,439,1.0
408,394,1.0
431,556,1.0
492,378,1.0
360,513,1.0
540,419,1.0
402,376,1.0
417,400,1.0
497,388,1.0
397,504,1.0
548,370,1.0
524,517,1.0
561,392,1.0
363,515,1.0
462,487,1.0
548,450,1.0
403,475,1.0
537,431,1.0
415,370,1.0
439,461,1.0
567,537,1.0
475,471,1.0
412,363,1.0
524,544,1.0
397,449,1.0
431,409,1.0
456,465,1.0
469,370,1.0
456,538,1.0
553,507,1.0
382,500,1.0
461,483,1.0
517,483,1.0
554,369,1.0
452,438,1.0
559,436,1.0
517,527,1.0
463,570,1.0
479,404,1.0
414,563,1.0
451,514,1.0
460,413,1.0
437,467,1.0
525,391,1.0
483,524,1.0
391,428,1.0
520,507,1.0
370,559,1.0
423,414,1.0
546,475,1.0
525,542,1.0
434,373,1.0
367,525,1.0
512,545,1.0
352,394,1.0
537,560,1.0
517,366,1.0
511,566,1.0
387,438,1.0
360,415,1.0
425,402,1.0
396,355,1.0
400,376,1.0
526,428,1.0
425,477,1.0
421,373,1.0
493,416,1.0
412,512,1.0
554,518,1.0
561,423,1.0
412,544,1.0
487,492,1.0
357,563,1.0
483,438,1.0
551,369,1.0
561,373,1.0
473,438,1.0
407,504,1.0
521,368,1.0
519,557,1.0
559,561,1.0
557,474,1.0
548,461,1.0
527,515,1.0
559,524,1.0
517,394,1.0
382,355,1.0
484,482,1.0
425,456,1.0
544,559,1.0
392,492,1.0
482,412,1.0
488,524,1.0
465,376,1.0
456,524,1.0
515,507,1.0
477,425,1.0
397,531,1.0
369,350,1.0
422,367,1.0
367,455,1.0
397,432,1.0
423,378,1.0
421,415,1.0
558,423,1.0
359,547,1.0
452,376,1.0
483,506,1.0
404,452,1.0
373,363,1.0
424,435,1.0
460,412,1.0
563,439,1.0
404,400,1.0
514,527,1.0
518,419,1.0
487,493,1.0
565,419,1.0
497,560,1.0
497,492,1.0
395,456,1.0
527,517,1.0
432,360,1.0
475,497,1.0
399,476,1.0
456,553,1.0
385,363,1.0
376,566,1.0
404,462,1.0
491,490,1.0
553,527,1.0
561,483,1.0
423,500,1.0
479,440,1.0
500,378,1.0
538,419,1.0
500,409,1.0
432,418,1.0
415,563,1.0
431,352,1.0
521,438,1.0
497,561,1.0
536,561,1.0
525,461,1.0
505,469,1.0
559,408,1.0
558,428,1.0
500,463,1.0
494,536,1.0
426,546,1.0
568,372,1.0
483,479,1.0
544,461,1.0
539,446,1.0
546,422,1.0
397,513,1.0
496,565,1.0
370,553,1.0
397,557,1.0
402,517,1.0
398,479,1.0
490,548,1.0
455,367,1.0
484,436,1.0
500,455,1.0
524,520,1.0
452,355,1.0
553,366,1.0
525,536,1.0
555,396,1.0
457,424,1.0
501,399,1.0
463,413,1.0
548,396,1.0
534,478,1.0
430,559,1.0
566,507,1.0
548,514,1.0
544,517,1.0
561,520,1.0
431,563,1.0
525,566,1.0
427,549,1.0
513,484,1.0
429,481,1.0
430,432,1.0
465,421,1.0
438,452,1.0
374,438,1.0
361,568,1.0
420,513,1.0
545,506,1.0
378,367,1.0
559,353,1.0
366,513,1.0
412,555,1.0
557,450,1.0
566,525,1.0
417,479,1.0
566,511,1.0
495,445,1.0
421,388,1.0
387,412,1.0
367,548,1.0
548,491,1.0
430,526,1.0
513,503,1.0
353,404,1.0
554,389,1.0
500,553,1.0
413,463,1.0
430,483,1.0
562,504,1.0
349,534,1.0
529,531,1.0
397,518,1.0
398,488,1.0
418,374,1.0
436,366,1.0
361,481,1.0
500,445,1.0
566,497,1.0
404,409,1.0
369,397,1.0
504,506,1.0
449,543,1.0
563,469,1.0
373,387,1.0
361,355,1.0
465,402,1.0
366,515,1.0
474,450,1.0
556,420,1.0
370,395,1.0
510,455,1.0
421,444,1.0
366,559,1.0
376,412,1.0
400,487,1.0
544,376,1.0
479,428,1.0
527,363,1.0
477,357,1.0
556,438,1.0
381,516,1.0
503,538,1.0
465,517,1.0
426,563,1.0
493,487,1.0
413,376,1.0
431,391,1.0
523,436,1.0
545,372,1.0
353,484,1.0
397,481,1.0
418,463,1.0
556,488,1.0
555,553,1.0
457,380,1.0
369,389,1.0
370,423,1.0
570,396,1.0
350,531,1.0
439,408,1.0
446,539,1.0
525,439,1.0
507,513,1.0
355,397,1.0
544,553,1.0
360,460,1.0
461,542,1.0
465,439,1.0
481,397,1.0
359,455,1.0
352,503,1.0
563,369,1.0
405,513,1.0
506,521,1.0
431,515,1.0
421,395,1.0
484,494,1.0
366,376,1.0
419,350,1.0
436,370,1.0
374,570,1.0
557,376,1.0
445,556,1.0
370,458,1.0
412,395,1.0
364,198,1.0
481,531,1.0
460,547,1.0
517,544,1.0
380,457,1.0
553,475,1.0
565,363,1.0
534,563,1.0
423,503,1.0
484,479,1.0
503,567,1.0
432,455,1.0
404,353,1.0
551,518,1.0
475,482,1.0
378,506,1.0
537,404,1.0
350,546,1.0
366,431,1.0
432,561,1.0
556,414,1.0
402,432,1.0
363,506,1.0
388,559,1.0
519,531,1.0
433,533,1.0
463,460,1.0
475,391,1.0
406,532,1.0
404,512,1.0
373,553,1.0
360,395,1.0
419,424,1.0
561,542,1.0
497,378,1.0
412,374,1.0
387,428,1.0
357,509,1.0
493,556,1.0
450,452,1.0
430,525,1.0
492,461,1.0
374,465,1.0
451,507,1.0
542,415,1.0
355,382,1.0
405,428,1.0
513,378,1.0
378,497,1.0
439,561,1.0
503,479,1.0
519,354,1.0
553,561,1.0
363,419,1.0
419,471,1.0
444,402,1.0
396,568,1.0
431,506,1.0
395,419,1.0
500,439,1.0
396,361,1.0
408,556,1.0
553,515,1.0
421,372,1.0
495,492,1.0
369,554,1.0
423,385,1.0
525,544,1.0
546,350,1.0
520,445,1.0
512,391,1.0
395,422,1.0
400,394,1.0
365,556,1.0
561,560,1.0
370,438,1.0
392,556,1.0
527,520,1.0
512,462,1.0
363,368,1.0
563,370,1.0
455,568,1.0
515,458,1.0
355,546,1.0
570,432,1.0
484,559,1.0
402,475,1.0
362,360,1.0
486,419,1.0
369,435,1.0
355,361,1.0
553,374,1.0
556,493,1.0
563,431,1.0
435,518,1.0
385,461,1.0
438,483,1.0
376,438,1.0
430,563,1.0
455,531,1.0
474,548,1.0
353,373,1.0
439,471,1.0
531,557,1.0
387,559,1.0
469,369,1.0
366,524,1.0
474,354,1.0
520,563,1.0
376,461,1.0
387,373,1.0
538,500,1.0
460,514,1.0
473,439,1.0
563,455,1.0
428,415,1.0
542,414,1.0
471,567,1.0
470,531,1.0
375,456,1.0
559,545,1.0
513,402,1.0
531,359,1.0
400,517,1.0
444,387,1.0
465,445,1.0
538,517,1.0
374,517,1.0
430,566,1.0
506,387,1.0
556,374,1.0
395,463,1.0
528,373,1.0
423,425,1.0
497,392,1.0
537,506,1.0
360,555,1.0
363,463,1.0
397,420,1.0
566,475,1.0
404,440,1.0
474,367,1.0
561,438,1.0
381,554,1.0
387,524,1.0
461,395,1.0
395,376,1.0
497,559,1.0
416,494,1.0
553,452,1.0
389,459,1.0
357,459,1.0
517,353,1.0
531,522,1.0
417,370,1.0
482,556,1.0
430,456,1.0
432,569,1.0
516,357,1.0
404,487,1.0
415,542,1.0
388,503,1.0
362,415,1.0
388,475,1.0
556,387,1.0
394,538,1.0
510,432,1.0
507,544,1.0
395,373,1.0
438,460,1.0
360,438,1.0
395,465,1.0
428,567,1.0
376,394,1.0
492,370,1.0
395,428,1.0
445,492,1.0
408,440,1.0
376,353,1.0
429,529,1.0
444,372,1.0
487,513,1.0
525,430,1.0
492,495,1.0
538,376,1.0
567,391,1.0
551,357,1.0
459,435,1.0
387,415,1.0
478,436,1.0
567,387,1.0
428,542,1.0
504,466,1.0
363,409,1.0
545,422,1.0
563,460,1.0
527,391,1.0
461,363,1.0
369,381,1.0
366,395,1.0
395,398,1.0
548,412,1.0
438,548,1.0
509,505,1.0
511,561,1.0
456,520,1.0
506,418,1.0
547,376,1.0
456,408,1.0
559,417,1.0
514,428,1.0
381,486,1.0
438,373,1.0
507,363,1.0
372,429,1.0
369,563,1.0
473,525,1.0
402,553,1.0
539,529,1.0
519,500,1.0
539,493,1.0
424,419,1.0
497,416,1.0
444,506,1.0
455,422,1.0
412,527,1.0
496,458,1.0
416,483,1.0
548,360,1.0
436,497,1.0
504,422,1.0
497,542,1.0
391,548,1.0
511,395,1.0
408,428,1.0
525,527,1.0
538,560,1.0
559,412,1.0
506,360,1.0
389,435,1.0
403,359,1.0
555,382,1.0
396,500,1.0
412,373,1.0
525,419,1.0
461,525,1.0
507,374,1.0
353,428,1.0
517,444,1.0
542,473,1.0
373,367,1.0
482,376,1.0
404,506,1.0
355,555,1.0
395,414,1.0
428,570,1.0
475,410,1.0
524,492,1.0
505,380,1.0
414,438,1.0
370,412,1.0
367,553,1.0
429,531,1.0
407,563,1.0
515,479,1.0
398,430,1.0
494,503,1.0
555,435,1.0
523,395,1.0
445,413,1.0
486,554,1.0
388,421,1.0
351,564,1.0
355,354,1.0
507,545,1.0
360,387,1.0
473,423,1.0
440,538,1.0
418,523,1.0
463,481,1.0
520,524,1.0
505,554,1.0
547,500,1.0
500,417,1.0
416,557,1.0
494,484,1.0
561,494,1.0
570,421,1.0
436,412,1.0
373,502,1.0
506,395,1.0
488,419,1.0
511,400,1.0
359,531,1.0
488,444,1.0
396,531,1.0
553,567,1.0
473,535,1.0
542,460,1.0
408,387,1.0
504,555,1.0
547,359,1.0
444,544,1.0
402,425,1.0
570,463,1.0
493,388,1.0
559,517,1.0
428,456,1.0
565,482,1.0
420,376,1.0
553,378,1.0
407,528,1.0
500,565,1.0
353,391,1.0
431,484,1.0
397,485,1.0
520,544,1.0
415,387,1.0
412,483,1.0
563,543,1.0
475,363,1.0
566,465,1.0
385,524,1.0
549,427,1.0
569,432,1.0
419,416,1.0
570,372,1.0
446,482,1.0
432,416,1.0
567,376,1.0
475,463,1.0
402,465,1.0
535,374,1.0
513,566,1.0
510,507,1.0
503,492,1.0
395,538,1.0
507,471,1.0
561,350,1.0
553,513,1.0
469,551,1.0
513,412,1.0
421,500,1.0
412,414,1.0
400,434,1.0
402,497,1.0
419,397,1.0
374,412,1.0
559,506,1.0
536,484,1.0
34,428,1.0
423,524,1.0
567,559,1.0
408,431,1.0
376,360,1.0
360,542,1.0
566,460,1.0
539,390,1.0
395,544,1.0
419,516,1.0
514,513,1.0
463,373,1.0
439,465,1.0
537,545,1.0
537,416,1.0
380,486,1.0
469,457,1.0
423,553,1.0
390,475,1.0
517,556,1.0
412,520,1.0
494,561,1.0
435,424,1.0
559,370,1.0
559,537,1.0
524,506,1.0
462,404,1.0
400,391,1.0
500,560,1.0
524,561,1.0
475,374,1.0
475,442,1.0
434,436,1.0
398,497,1.0
370,527,1.0
370,432,1.0
460,545,1.0
471,420,1.0
500,538,1.0
496,506,1.0
518,457,1.0
465,513,1.0
554,380,1.0
527,475,1.0
497,520,1.0
444,438,1.0
481,450,1.0
353,409,1.0
465,569,1.0
437,406,1.0
537,400,1.0
408,479,1.0
457,563,1.0
396,474,1.0
436,400,1.0
398,511,1.0
408,538,1.0
525,398,1.0
397,483,1.0
545,566,1.0
432,563,1.0
484,404,1.0
409,479,1.0
373,471,1.0
370,469,1.0
524,565,1.0
431,462,1.0
414,514,1.0
525,484,1.0
351,198,1.0
398,404,1.0
465,511,1.0
375,494,1.0
353,538,1.0
529,504,1.0
439,397,1.0
544,426,1.0
417,537,1.0
364,501,1.0
413,362,1.0
382,403,1.0
398,408,1.0
409,462,1.0
397,355,1.0
542,353,1.0
456,439,1.0
392,566,1.0
519,396,1.0
495,362,1.0
565,553,1.0
382,410,1.0
370,548,1.0
388,492,1.0
431,493,1.0
423,567,1.0
417,515,1.0
356,411,1.0
569,451,1.0
484,497,1.0
513,465,1.0
461,523,1.0
553,436,1.0
509,424,1.0
484,408,1.0
394,513,1.0
416,567,1.0
524,436,1.0
353,376,1.0
559,391,1.0
417,506,1.0
561,517,1.0
407,350,1.0
394,398,1.0
542,363,1.0
475,491,1.0
545,544,1.0
489,403,1.0
354,497,1.0
529,412,1.0
483,408,1.0
507,436,1.0
438,546,1.0
482,548,1.0
404,538,1.0
503,524,1.0
430,465,1.0
376,456,1.0
553,355,1.0
402,523,1.0
396,570,1.0
404,526,1.0
373,425,1.0
516,509,1.0
524,483,1.0
460,479,1.0
541,563,1.0
489,531,1.0
497,488,1.0
524,391,1.0
496,478,1.0
400,506,1.0
362,492,1.0
410,396,1.0
415,402,1.0
461,497,1.0
422,546,1.0
449,480,1.0
492,559,1.0
415,473,1.0
465,524,1.0
495,544,1.0
479,511,1.0
436,553,1.0
510,396,1.0
465,404,1.0
370,414,1.0
418,465,1.0
412,430,1.0
465,451,1.0
461,475,1.0
465,557,1.0
415,404,1.0
484,567,1.0
506,404,1.0
373,362,1.0
457,551,1.0
471,559,1.0
556,507,1.0
370,507,1.0
438,370,1.0
487,431,1.0
520,425,1.0
570,422,1.0
511,559,1.0
461,567,1.0
475,419,1.0
422,432,1.0
457,554,1.0
511,465,1.0
506,402,1.0
452,470,1.0
511,512,1.0
409,493,1.0
506,400,1.0
367,373,1.0
378,544,1.0
507,482,1.0
537,484,1.0
558,543,1.0
514,504,1.0
543,350,1.0
455,541,1.0
432,451,1.0
552,384,1.0
456,495,1.0
373,431,1.0
544,374,1.0
469,486,1.0
513,527,1.0
419,422,1.0
421,487,1.0
493,479,1.0
363,432,1.0
561,537,1.0
534,425,1.0
376,507,1.0
425,534,1.0
542,520,1.0
403,458,1.0
369,433,1.0
556,373,1.0
427,428,1.0
430,398,1.0
449,440,1.0
415,428,1.0
566,561,1.0
544,545,1.0
517,492,1.0
353,517,1.0
500,497,1.0
402,514,1.0
540,559,1.0
360,510,1.0
352,462,1.0
531,547,1.0
460,355,1.0
400,567,1.0
491,367,1.0
376,531,1.0
357,424,1.0
425,563,1.0
547,546,1.0
566,439,1.0
361,474,1.0
568,396,1.0
458,507,1.0
366,460,1.0
546,557,1.0
559,475,1.0
484,350,1.0
556,395,1.0
565,374,1.0
432,504,1.0
456,395,1.0
374,456,1.0
452,513,1.0
542,400,1.0
398,561,1.0
404,483,1.0
414,524,1.0
378,492,1.0
556,500,1.0
361,547,1.0
471,561,1.0
483,514,1.0
491,475,1.0
428,405,1.0
475,388,1.0
363,492,1.0
372,545,1.0
395,525,1.0
534,508,1.0
484,544,1.0
544,566,1.0
418,553,1.0
496,456,1.0
524,475,1.0
544,419,1.0
402,542,1.0
407,458,1.0
427,425,1.0
378,487,1.0
483,566,1.0
546,438,1.0
408,398,1.0
395,545,1.0
432,376,1.0
537,412,1.0
526,375,1.0
557,489,1.0
419,370,1.0
511,404,1.0
527,374,1.0
547,396,1.0
367,422,1.0
403,515,1.0
387,395,1.0
404,428,1.0
559,494,1.0
537,353,1.0
396,410,1.0
520,506,1.0
363,366,1.0
431,492,1.0
481,376,1.0
398,445,1.0
457,421,1.0
396,403,1.0
366,446,1.0
489,452,1.0
378,524,1.0
561,439,1.0
466,531,1.0
430,471,1.0
470,555,1.0
352,412,1.0
523,545,1.0
460,438,1.0
517,352,1.0
353,394,1.0
470,507,1.0
408,517,1.0
412,392,1.0
419,513,1.0
490,502,1.0
355,410,1.0
391,353,1.0
413,415,1.0
520,553,1.0
538,559,1.0
567,492,1.0
438,506,1.0
392,473,1.0
461,559,1.0
392,515,1.0
355,403,1.0
542,461,1.0
402,463,1.0
497,398,1.0
456,517,1.0
539,450,1.0
457,518,1.0
509,457,1.0
458,515,1.0
492,561,1.0
367,491,1.0
561,567,1.0
560,503,1.0
368,412,1.0
428,414,1.0
539,481,1.0
400,353,1.0
373,378,1.0
439,430,1.0
509,397,1.0
544,495,1.0
473,376,1.0
465,542,1.0
376,366,1.0
513,492,1.0
409,460,1.0
509,389,1.0
376,413,1.0
381,369,1.0
557,416,1.0
360,520,1.0
404,419,1.0
493,408,1.0
353,432,1.0
493,526,1.0
428,395,1.0
378,561,1.0
497,475,1.0
417,387,1.0
488,391,1.0
374,431,1.0
417,378,1.0
520,439,1.0
566,559,1.0
438,428,1.0
512,513,1.0
378,370,1.0
381,457,1.0
431,517,1.0
410,355,1.0
412,367,1.0
368,416,1.0
434,478,1.0
404,352,1.0
414,34,1.0
540,480,1.0
493,402,1.0
455,528,1.0
561,527,1.0
490,391,1.0
535,473,1.0
391,500,1.0
446,491,1.0
503,408,1.0
439,563,1.0
514,495,1.0
473,503,1.0
496,517,1.0
506,525,1.0
400,542,1.0
412,538,1.0
427,173,1.0
500,355,1.0
484,538,1.0
492,483,1.0
514,483,1.0
444,556,1.0
452,432,1.0
402,515,1.0
389,554,1.0
430,419,1.0
519,515,1.0
475,461,1.0
527,395,1.0
493,392,1.0
495,444,1.0
546,397,1.0
492,373,1.0
364,476,1.0
520,479,1.0
393,198,1.0
465,570,1.0
393,399,1.0
444,570,1.0
553,368,1.0
413,535,1.0
554,424,1.0
506,484,1.0
395,537,1.0
448,413,1.0
438,513,1.0
521,452,1.0
438,391,1.0
510,426,1.0
506,412,1.0
554,551,1.0
431,392,1.0
517,526,1.0
421,402,1.0
525,395,1.0
374,566,1.0
376,559,1.0
374,504,1.0
373,483,1.0
412,494,1.0
488,412,1.0
399,564,1.0
556,487,1.0
373,527,1.0
432,444,1.0
523,397,1.0
471,353,1.0
523,360,1.0
561,545,1.0
378,452,1.0
368,503,1.0
557,354,1.0
539,502,1.0
513,451,1.0
474,410,1.0
374,515,1.0
460,521,1.0
461,520,1.0
374,376,1.0
431,566,1.0
561,374,1.0
525,375,1.0
456,545,1.0
544,570,1.0
412,560,1.0
461,378,1.0
484,517,1.0
444,487,1.0
514,366,1.0
374,420,1.0
509,381,1.0
531,570,1.0
419,505,1.0
475,361,1.0
431,400,1.0
497,423,1.0
567,412,1.0
432,483,1.0
366,526,1.0
525,500,1.0
561,414,1.0
458,475,1.0
362,373,1.0
389,497,1.0
375,408,1.0
391,524,1.0
504,510,1.0
500,514,1.0
391,513,1.0
491,373,1.0
563,546,1.0
523,553,1.0
387,406,1.0
423,560,1.0
417,520,1.0
376,514,1.0
471,376,1.0
465,392,1.0
173,414,1.0
494,537,1.0
558,360,1.0
494,462,1.0
531,426,1.0
524,412,1.0
436,506,1.0
507,460,1.0
391,374,1.0
488,434,1.0
402,507,1.0
385,507,1.0
393,564,1.0
543,546,1.0
467,437,1.0
512,412,1.0
523,418,1.0
426,455,1.0
402,421,1.0
423,561,1.0
380,505,1.0
483,465,1.0
355,463,1.0
409,419,1.0
461,527,1.0
387,520,1.0
360,362,1.0
553,558,1.0
542,394,1.0
525,497,1.0
372,543,1.0
412,428,1.0
488,556,1.0
438,387,1.0
438,366,1.0
391,483,1.0
523,442,1.0
553,496,1.0
555,432,1.0
397,421,1.0
418,555,1.0
428,434,1.0
389,424,1.0
428,500,1.0
475,566,1.0
553,500,1.0
391,460,1.0
430,353,1.0
492,362,1.0
494,497,1.0
556,548,1.0
438,566,1.0
385,423,1.0
408,484,1.0
482,497,1.0
559,484,1.0
362,445,1.0
370,544,1.0
371,368,1.0
507,525,1.0
512,515,1.0
376,525,1.0
373,400,1.0
548,556,1.0
456,438,1.0
445,404,1.0
532,406,1.0
506,513,1.0
503,391,1.0
492,376,1.0
381,509,1.0
560,553,1.0
452,507,1.0
363,436,1.0
430,416,1.0
486,369,1.0
360,432,1.0
560,395,1.0
570,557,1.0
523,456,1.0
544,373,1.0
463,461,1.0
517,524,1.0
553,482,1.0
514,569,1.0
373,515,1.0
437,498,1.0
527,500,1.0
461,387,1.0
487,556,1.0
430,423,1.0
446,376,1.0
404,421,1.0
372,422,1.0
415,495,1.0
418,481,1.0
555,557,1.0
428,520,1.0
428,370,1.0
367,481,1.0
428,497,1.0
353,430,1.0
560,392,1.0
539,400,1.0
553,556,1.0
417,503,1.0
438,412,1.0
391,525,1.0
475,444,1.0
417,497,1.0
395,514,1.0
381,551,1.0
388,557,1.0
441,501,1.0
444,545,1.0
511,436,1.0
397,402,1.0
561,430,1.0
407,369,1.0
373,374,1.0
428,376,1.0
469,424,1.0
483,553,1.0
475,396,1.0
430,392,1.0
493,368,1.0
353,503,1.0
544,353,1.0
412,360,1.0
391,539,1.0
570,387,1.0
455,355,1.0
455,466,1.0
560,500,1.0
375,398,1.0
390,539,1.0
546,555,1.0
423,430,1.0
465,561,1.0
553,542,1.0
547,361,1.0
489,396,1.0
404,545,1.0
400,556,1.0
511,538,1.0
452,403,1.0
370,373,1.0
461,428,1.0
366,402,1.0
412,492,1.0
417,523,1.0
512,517,1.0
395,412,1.0
545,523,1.0
465,515,1.0
355,412,1.0
440,449,1.0
465,417,1.0
567,419,1.0
395,438,1.0
515,555,1.0
455,359,1.0
373,514,1.0
370,497,1.0
373,360,1.0
422,504,1.0
557,432,1.0
404,375,1.0
559,444,1.0
418,544,1.0
387,370,1.0
456,523,1.0
500,361,1.0
419,374,1.0
430,541,1.0
439,458,1.0
399,501,1.0
451,374,1.0
414,363,1.0
507,570,1.0
570,523,1.0
563,427,1.0
502,490,1.0
527,350,1.0
524,488,1.0
542,513,1.0
497,422,1.0
560,497,1.0
360,570,1.0
483,475,1.0
493,417,1.0
433,528,1.0
363,517,1.0
500,465,1.0
354,474,1.0
399,364,1.0
376,473,1.0
511,408,1.0
392,460,1.0
497,507,1.0
404,536,1.0
563,518,1.0
559,488,1.0
497,436,1.0
428,508,1.0
515,557,1.0
417,492,1.0
421,504,1.0
497,402,1.0
465,416,1.0
428,430,1.0
391,475,1.0
452,557,1.0
558,495,1.0
370,419,1.0
493,412,1.0
420,439,1.0
570,504,1.0
542,567,1.0
523,496,1.0
359,376,1.0
461,414,1.0
440,525,1.0
489,547,1.0
537,456,1.0
545,515,1.0
408,412,1.0
561,475,1.0
545,432,1.0
418,557,1.0
402,417,1.0
547,410,1.0
527,419,1.0
503,388,1.0
353,493,1.0
478,405,1.0
503,394,1.0
428,544,1.0
438,374,1.0
545,537,1.0
420,567,1.0
566,567,1.0
555,531,1.0
367,412,1.0
353,560,1.0
360,497,1.0
520,456,1.0
460,452,1.0
391,458,1.0
570,376,1.0
517,506,1.0
553,400,1.0
548,391,1.0
461,471,1.0
463,450,1.0
473,362,1.0
492,560,1.0
391,482,1.0
489,376,1.0
388,360,1.0
556,563,1.0
511,525,1.0
445,493,1.0
461,376,1.0
422,412,1.0
403,497,1.0
417,566,1.0
538,408,1.0
504,562,1.0
556,553,1.0
445,560,1.0
537,503,1.0
517,412,1.0
370,523,1.0
456,434,1.0
517,398,1.0
503,404,1.0
460,402,1.0
420,484,1.0
565,507,1.0
503,444,1.0
513,388,1.0
428,525,1.0
456,368,1.0
359,361,1.0
445,460,1.0
493,566,1.0
368,538,1.0
363,378,1.0
494,559,1.0
395,430,1.0
398,462,1.0
412,567,1.0
366,391,1.0
414,423,1.0
392,497,1.0
511,428,1.0
412,488,1.0
413,445,1.0
378,434,1.0
495,570,1.0
528,510,1.0
394,479,1.0
543,531,1.0
431,423,1.0
475,439,1.0
412,500,1.0
353,471,1.0
448,460,1.0
517,482,1.0
515,417,1.0
374,461,1.0
456,423,1.0
374,524,1.0
487,412,1.0
455,504,1.0
517,559,1.0
368,536,1.0
369,442,1.0
496,553,1.0
376,547,1.0
368,366,1.0
506,566,1.0
418,397,1.0
527,456,1.0
373,465,1.0
407,455,1.0
507,370,1.0
394,566,1.0
507,387,1.0
473,415,1.0
414,559,1.0
352,538,1.0
425,460,1.0
556,400,1.0
431,368,1.0
563,531,1.0
374,553,1.0
542,395,1.0
380,554,1.0
484,400,1.0
357,551,1.0
496,414,1.0
414,542,1.0
410,500,1.0
520,484,1.0
500,376,1.0
525,456,1.0
388,507,1.0
537,465,1.0
480,414,1.0
416,503,1.0
556,415,1.0
444,421,1.0
370,566,1.0
400,408,1.0
471,524,1.0
544,397,1.0
545,408,1.0
561,538,1.0
538,503,1.0
569,412,1.0
493,462,1.0
531,442,1.0
517,391,1.0
542,492,1.0
378,515,1.0
449,444,1.0
463,437,1.0
563,554,1.0
370,514,1.0
525,432,1.0
350,543,1.0
369,357,1.0
553,425,1.0
483,373,1.0
520,495,1.0
399,441,1.0
421,404,1.0
395,360,1.0
374,556,1.0
504,570,1.0
483,517,1.0
561,553,1.0
497,527,1.0
511,517,1.0
543,558,1.0
545,376,1.0
553,403,1.0
439,445,1.0
554,381,1.0
538,536,1.0
513,461,1.0
366,484,1.0
370,520,1.0
475,517,1.0
555,515,1.0
553,363,1.0
412,376,1.0
474,531,1.0
369,518,1.0
520,567,1.0
524,387,1.0
473,444,1.0
432,497,1.0
463,374,1.0
428,463,1.0
561,431,1.0
439,527,1.0
475,450,1.0
409,515,1.0
428,475,1.0
388,400,1.0
515,497,1.0
513,407,1.0
373,460,1.0
355,359,1.0
352,375,1.0
378,400,1.0
497,503,1.0
409,375,1.0
475,373,1.0
538,417,1.0
561,455,1.0
437,572,1.0
450,489,1.0
545,421,1.0
559,471,1.0
461,423,1.0
475,370,1.0
535,415,1.0
563,523,1.0
513,523,1.0
352,456,1.0
566,391,1.0
561,493,1.0
500,421,1.0
526,483,1.0
492,514,1.0
387,402,1.0
428,432,1.0
430,420,1.0
547,355,1.0
521,374,1.0
452,553,1.0
395,408,1.0
419,389,1.0
462,512,1.0
486,389,1.0
553,430,1.0
483,507,1.0
460,392,1.0
455,421,1.0
355,543,1.0
354,519,1.0
369,561,1.0
400,561,1.0
497,409,1.0
432,570,1.0
366,374,1.0
537,420,1.0
423,436,1.0
417,570,1.0
380,389,1.0
505,389,1.0
456,375,1.0
530,361,1.0
420,563,1.0
353,567,1.0
483,422,1.0
543,449,1.0
400,515,1.0
513,487,1.0
373,446,1.0
527,392,1.0
517,488,1.0
456,425,1.0
460,463,1.0
516,551,1.0
531,355,1.0
483,484,1.0
561,465,1.0
503,537,1.0
567,527,1.0
540,353,1.0
565,360,1.0
566,538,1.0
497,360,1.0
398,394,1.0
410,474,1.0
394,542,1.0
451,556,1.0
553,526,1.0
563,449,1.0
387,567,1.0
542,392,1.0
412,481,1.0
483,520,1.0
569,430,1.0
481,547,1.0
520,545,1.0
557,418,1.0
507,420,1.0
431,432,1.0
353,482,1.0
378,488,1.0
511,503,1.0
559,479,1.0
355,547,1.0
369,419,1.0
402,543,1.0
376,428,1.0
561,428,1.0
507,428,1.0
511,488,1.0
563,416,1.0
397,510,1.0
366,553,1.0
415,362,1.0
465,408,1.0
422,481,1.0
434,566,1.0
458,497,1.0
527,423,1.0
373,428,1.0
403,553,1.0
452,489,1.0
487,392,1.0
405,568,1.0
504,563,1.0
412,548,1.0
446,475,1.0
566,506,1.0
366,412,1.0
557,531,1.0
419,537,1.0
472,431,1.0
553,460,1.0
527,484,1.0
446,492,1.0
515,378,1.0
368,374,1.0
422,561,1.0
455,565,1.0
423,456,1.0
363,527,1.0
427,563,1.0
408,365,1.0
373,556,1.0
500,563,1.0
484,500,1.0
471,513,1.0
566,414,1.0
473,495,1.0
511,417,1.0
405,563,1.0
559,538,1.0
392,412,1.0
478,508,1.0
539,522,1.0
376,396,1.0
395,460,1.0
497,565,1.0
519,403,1.0
413,461,1.0
389,516,1.0
389,457,1.0
460,374,1.0
495,473,1.0
442,460,1.0
439,500,1.0
522,529,1.0
526,566,1.0
455,506,1.0
492,515,1.0
428,461,1.0
487,400,1.0
483,560,1.0
378,502,1.0
460,362,1.0
481,429,1.0
513,553,1.0
508,496,1.0
470,361,1.0
484,456,1.0
544,497,1.0
538,561,1.0
496,412,1.0
514,402,1.0
536,462,1.0
452,367,1.0
460,560,1.0
506,420,1.0
408,366,1.0
412,523,1.0
353,566,1.0
507,452,1.0
517,363,1.0
444,559,1.0
559,526,1.0
403,555,1.0
507,385,1.0
352,517,1.0
419,369,1.0
376,556,1.0
548,446,1.0
514,544,1.0
398,545,1.0
198,393,1.0
559,461,1.0
459,486,1.0
469,497,1.0
515,404,1.0
428,34,1.0
522,466,1.0
378,496,1.0
538,493,1.0
465,373,1.0
417,395,1.0
518,485,1.0
463,535,1.0
412,461,1.0
519,555,1.0
520,395,1.0
506,414,1.0
526,430,1.0
376,526,1.0
527,373,1.0
563,405,1.0
359,557,1.0
373,395,1.0
473,428,1.0
393,364,1.0
355,470,1.0
497,417,1.0
563,350,1.0
423,525,1.0
483,563,1.0
366,483,1.0
563,534,1.0
458,470,1.0
471,430,1.0
363,507,1.0
391,556,1.0
525,376,1.0
497,354,1.0
515,363,1.0
551,457,1.0
568,455,1.0
565,455,1.0
488,408,1.0
388,523,1.0
395,479,1.0
563,506,1.0
556,365,1.0
514,378,1.0
479,517,1.0
429,504,1.0
363,493,1.0
414,436,1.0
481,354,1.0
425,434,1.0
504,553,1.0
475,531,1.0
526,412,1.0
420,556,1.0
506,378,1.0
429,539,1.0
434,492,1.0
487,446,1.0
366,436,1.0
528,350,1.0
525,482,1.0
500,542,1.0
417,493,1.0
416,367,1.0
452,382,1.0
374,391,1.0
402,566,1.0
461,374,1.0
507,561,1.0
502,491,1.0
375,538,1.0
525,561,1.0
421,563,1.0
492,497,1.0
431,527,1.0
553,432,1.0
488,517,1.0
378,369,1.0
373,413,1.0
419,363,1.0
549,412,1.0
559,392,1.0
396,475,1.0
446,373,1.0
492,445,1.0
469,554,1.0
415,556,1.0
563,373,1.0
359,475,1.0
506,363,1.0
504,571,1.0
387,461,1.0
455,433,1.0
371,542,1.0
396,450,1.0
526,404,1.0
353,431,1.0
475,458,1.0
391,488,1.0
537,513,1.0
394,436,1.0
419,428,1.0
530,359,1.0
431,545,1.0
553,469,1.0
561,360,1.0
460,563,1.0
465,525,1.0
492,431,1.0
392,506,1.0
428,511,1.0
390,373,1.0
566,452,1.0
446,517,1.0
414,422,1.0
362,412,1.0
483,392,1.0
433,407,1.0
481,539,1.0
417,412,1.0
430,553,1.0
506,434,1.0
566,417,1.0
465,430,1.0
481,504,1.0
461,400,1.0
512,431,1.0
409,404,1.0
400,512,1.0
488,436,1.0
525,428,1.0
438,422,1.0
513,520,1.0
422,449,1.0
431,378,1.0
555,547,1.0
508,417,1.0
545,479,1.0
460,370,1.0
370,436,1.0
479,460,1.0
489,481,1.0
563,457,1.0
563,391,1.0
355,367,1.0
420,514,1.0
375,409,1.0
548,482,1.0
527,542,1.0
546,500,1.0
425,523,1.0
556,417,1.0
492,409,1.0
567,370,1.0
556,465,1.0
363,461,1.0
418,514,1.0
565,497,1.0
483,416,1.0
472,356,1.0
423,473,1.0
442,369,1.0
446,353,1.0
547,489,1.0
496,440,1.0
542,402,1.0
531,372,1.0
376,405,1.0
500,527,1.0
494,412,1.0
374,492,1.0
373,388,1.0
524,567,1.0
538,412,1.0
423,559,1.0
397,541,1.0
394,408,1.0
397,514,1.0
564,399,1.0
523,374,1.0
547,555,1.0
515,370,1.0
553,570,1.0
458,397,1.0
555,497,1.0
570,507,1.0
444,488,1.0
450,388,1.0
504,412,1.0
353,460,1.0
517,431,1.0
506,392,1.0
414,376,1.0
430,514,1.0
492,428,1.0
395,425,1.0
397,426,1.0
436,475,1.0
502,373,1.0
526,419,1.0
520,402,1.0
412,418,1.0
566,353,1.0
366,417,1.0
542,497,1.0
527,461,1.0
509,380,1.0
503,473,1.0
544,395,1.0
471,451,1.0
567,461,1.0
561,376,1.0
438,465,1.0
369,469,1.0
517,484,1.0
359,546,1.0
553,503,1.0
464,384,1.0
456,494,1.0
417,545,1.0
544,442,1.0
412,431,1.0
369,380,1.0
557,506,1.0
454,564,1.0
509,518,1.0
419,404,1.0
496,427,1.0
507,524,1.0
417,373,1.0
483,492,1.0
416,500,1.0
428,460,1.0
528,455,1.0
493,484,1.0
428,419,1.0
408,353,1.0
555,500,1.0
434,428,1.0
555,410,1.0
507,557,1.0
465,388,1.0
474,422,1.0
430,374,1.0
367,475,1.0
412,455,1.0
487,404,1.0
360,376,1.0
378,376,1.0
500,410,1.0
396,489,1.0
373,496,1.0
538,527,1.0
366,482,1.0
355,481,1.0
349,434,1.0
372,455,1.0
416,417,1.0
412,493,1.0
503,451,1.0
415,400,1.0
457,486,1.0
561,353,1.0
465,493,1.0
507,373,1.0
397,563,1.0
457,469,1.0
482,431,1.0
500,507,1.0
487,419,1.0
395,520,1.0
525,538,1.0
361,519,1.0
524,402,1.0
566,496,1.0
492,419,1.0
458,489,1.0
418,510,1.0
557,544,1.0
435,563,1.0
486,505,1.0
355,553,1.0
352,536,1.0
430,569,1.0
412,387,1.0
400,388,1.0
556,482,1.0
483,446,1.0
461,439,1.0
363,487,1.0
396,481,1.0
531,481,1.0
402,558,1.0
527,473,1.0
519,489,1.0
475,359,1.0
542,556,1.0
546,396,1.0
489,458,1.0
432,456,1.0
437,462,1.0
442,412,1.0
569,553,1.0
445,465,1.0
463,428,1.0
402,415,1.0
370,492,1.0
521,506,1.0
376,517,1.0
483,412,1.0
461,492,1.0
513,419,1.0
555,475,1.0
460,473,1.0
475,500,1.0
366,566,1.0
360,553,1.0
559,404,1.0
397,509,1.0
465,471,1.0
553,555,1.0
475,519,1.0
354,547,1.0
553,456,1.0
566,404,1.0
412,517,1.0
497,391,1.0
544,432,1.0
376,544,1.0
452,559,1.0
373,438,1.0
475,559,1.0
500,521,1.0
508,349,1.0
495,542,1.0
528,504,1.0
412,537,1.0
431,417,1.0
542,439,1.0
465,538,1.0
370,387,1.0
370,431,1.0
559,503,1.0
545,511,1.0
514,397,1.0
561,402,1.0
515,392,1.0
404,482,1.0
357,397,1.0
360,365,1.0
488,513,1.0
490,376,1.0
570,531,1.0
420,483,1.0
507,504,1.0
387,523,1.0
572,532,1.0
384,552,1.0
541,397,1.0
506,507,1.0
504,418,1.0
414,492,1.0
525,368,1.0
441,364,1.0
404,484,1.0
173,464,1.0
452,460,1.0
431,503,1.0
370,374,1.0
497,538,1.0
402,544,1.0
354,382,1.0
505,424,1.0
475,376,1.0
368,419,1.0
483,366,1.0
533,412,1.0
494,456,1.0
566,374,1.0
459,516,1.0
410,376,1.0
430,408,1.0
526,559,1.0
487,538,1.0
493,525,1.0
388,566,1.0
387,465,1.0
515,376,1.0
409,431,1.0
373,392,1.0
553,523,1.0
507,376,1.0
408,417,1.0
363,376,1.0
542,352,1.0
34,414,1.0
389,518,1.0
428,378,1.0
414,558,1.0
412,388,1.0
507,526,1.0
376,374,1.0
350,519,1.0
412,515,1.0
452,500,1.0
198,476,1.0
497,469,1.0
420,471,1.0
376,492,1.0
355,531,1.0
392,482,1.0
370,460,1.0
353,559,1.0
497,506,1.0
514,391,1.0
444,504,1.0
402,422,1.0
354,458,1.0
400,538,1.0
420,507,1.0
544,388,1.0
489,361,1.0
492,353,1.0
492,388,1.0
567,388,1.0
566,492,1.0
370,392,1.0
515,402,1.0
561,523,1.0
563,569,1.0
456,419,1.0
374,521,1.0
374,378,1.0
537,493,1.0
520,376,1.0
560,542,1.0
553,510,1.0
428,482,1.0
495,558,1.0
455,407,1.0
461,417,1.0
525,517,1.0
566,545,1.0
444,376,1.0
517,511,1.0
479,425,1.0
523,460,1.0
492,434,1.0
373,524,1.0
544,520,1.0
514,559,1.0
559,566,1.0
473,373,1.0
456,417,1.0
363,500,1.0
520,360,1.0
353,513,1.0
497,523,1.0
460,428,1.0
376,557,1.0
563,374,1.0
430,497,1.0
395,542,1.0
492,423,1.0
407,433,1.0
481,474,1.0
449,397,1.0
532,386,1.0
414,561,1.0
522,481,1.0
432,544,1.0
408,511,1.0
374,368,1.0
414,370,1.0
374,510,1.0
404,456,1.0
517,493,1.0
565,355,1.0
417,542,1.0
567,353,1.0
475,487,1.0
542,373,1.0
449,504,1.0
553,461,1.0
506,423,1.0
449,563,1.0
482,525,1.0
431,500,1.0
436,378,1.0
525,400,1.0
368,527,1.0
431,537,1.0
409,561,1.0
538,363,1.0
493,511,1.0
515,545,1.0
394,378,1.0
446,515,1.0
370,567,1.0
484,526,1.0
431,375,1.0
532,462,1.0
520,500,1.0
526,465,1.0
514,506,1.0
366,353,1.0
556,408,1.0
544,400,1.0
531,543,1.0
472,567,1.0
438,461,1.0
391,567,1.0
370,416,1.0
391,412,1.0
452,547,1.0
557,515,1.0
497,428,1.0
538,353,1.0
502,539,1.0
394,353,1.0
526,493,1.0
507,395,1.0
516,477,1.0
376,481,1.0
488,398,1.0
500,444,1.0
440,404,1.0
484,440,1.0
475,567,1.0
360,523,1.0
388,376,1.0
415,535,1.0
513,444,1.0
355,515,1.0
366,363,1.0
475,488,1.0
360,444,1.0
412,484,1.0
499,532,1.0
538,366,1.0
367,363,1.0
400,465,1.0
492,487,1.0
428,563,1.0
482,402,1.0
353,363,1.0
541,568,1.0
378,456,1.0
566,392,1.0
485,518,1.0
570,397,1.0
479,398,1.0
418,355,1.0
375,431,1.0
475,546,1.0
561,514,1.0
523,373,1.0
563,549,1.0
563,426,1.0
561,479,1.0
556,391,1.0
396,546,1.0
362,473,1.0
434,497,1.0
483,417,1.0
402,482,1.0
434,349,1.0
455,350,1.0
482,475,1.0
352,368,1.0
460,425,1.0
506,519,1.0
387,570,1.0
438,517,1.0
512,538,1.0
404,542,1.0
376,483,1.0
566,366,1.0
374,419,1.0
517,566,1.0
431,408,1.0
526,494,1.0
397,544,1.0
414,374,1.0
513,423,1.0
438,497,1.0
503,456,1.0
561,370,1.0
409,487,1.0
508,520,1.0
570,465,1.0
497,484,1.0
547,470,1.0
479,408,1.0
513,374,1.0
432,402,1.0
409,492,1.0
461,463,1.0
439,566,1.0
475,548,1.0
460,372,1.0
513,537,1.0
481,412,1.0
438,511,1.0
382,547,1.0
567,402,1.0
507,475,1.0
455,432,1.0
525,563,1.0
555,412,1.0
525,511,1.0
352,398,1.0
404,500,1.0
484,483,1.0
455,426,1.0
563,510,1.0
562,361,1.0
438,523,1.0
428,517,1.0
510,374,1.0
382,474,1.0
391,514,1.0
567,472,1.0
482,400,1.0
400,444,1.0
439,523,1.0
471,514,1.0
537,408,1.0
442,376,1.0
368,493,1.0
374,432,1.0
566,563,1.0
391,456,1.0
492,506,1.0
407,513,1.0
538,512,1.0
360,548,1.0
373,421,1.0
416,465,1.0
431,525,1.0
400,482,1.0
496,366,1.0
432,438,1.0
563,420,1.0
373,439,1.0
460,520,1.0
419,492,1.0
504,521,1.0
373,498,1.0
353,420,1.0
512,400,1.0
479,352,1.0
408,537,1.0
397,546,1.0
514,475,1.0
537,569,1.0
391,367,1.0
524,395,1.0
518,459,1.0
461,544,1.0
465,415,1.0
524,553,1.0
456,378,1.0
483,537,1.0
523,417,1.0
363,370,1.0
483,463,1.0
465,395,1.0
366,400,1.0
568,539,1.0
474,547,1.0
380,516,1.0
360,412,1.0
538,484,1.0
566,367,1.0
460,422,1.0
359,403,1.0
433,369,1.0
482,374,1.0
422,489,1.0
374,559,1.0
500,382,1.0
404,511,1.0
467,532,1.0
397,373,1.0
353,487,1.0
559,553,1.0
370,451,1.0
376,524,1.0
412,504,1.0
497,482,1.0
431,514,1.0
360,370,1.0
555,481,1.0
539,473,1.0
560,484,1.0
363,514,1.0
473,460,1.0
500,363,1.0
366,503,1.0
523,507,1.0
416,537,1.0
492,414,1.0
412,353,1.0
563,525,1.0
547,531,1.0
409,512,1.0
367,483,1.0
553,528,1.0
391,563,1.0
395,423,1.0
397,469,1.0
558,460,1.0
543,372,1.0
414,412,1.0
355,500,1.0
555,422,1.0
426,524,1.0
422,547,1.0
503,561,1.0
503,353,1.0
505,419,1.0
506,455,1.0
564,351,1.0
524,370,1.0
408,395,1.0
538,439,1.0
378,566,1.0
493,536,1.0
537,514,1.0
436,395,1.0
423,506,1.0
423,431,1.0
531,396,1.0
361,396,1.0
412,549,1.0
387,544,1.0
500,517,1.0
470,562,1.0
419,409,1.0
560,412,1.0
521,363,1.0
544,475,1.0
563,459,1.0
394,352,1.0
355,528,1.0
421,457,1.0
514,374,1.0
432,510,1.0
525,426,1.0
412,408,1.0
403,367,1.0
544,394,1.0
445,408,1.0
431,395,1.0
420,353,1.0
408,536,1.0
409,363,1.0
456,404,1.0
473,413,1.0
450,474,1.0
483,430,1.0
570,495,1.0
417,517,1.0
510,355,1.0
531,452,1.0
543,460,1.0
409,536,1.0
430,428,1.0
392,525,1.0
460,373,1.0
387,525,1.0
370,397,1.0
563,556,1.0
351,454,1.0
400,539,1.0
357,486,1.0
350,384,1.0
555,463,1.0
412,460,1.0
545,404,1.0
506,497,1.0
484,353,1.0
389,509,1.0
483,378,1.0
446,391,1.0
394,475,1.0
463,363,1.0
450,396,1.0
359,405,1.0
557,547,1.0
452,475,1.0
537,471,1.0
388,463,1.0
438,417,1.0
370,363,1.0
507,559,1.0
373,544,1.0
566,471,1.0
412,402,1.0
379,532,1.0
545,402,1.0
419,527,1.0
428,545,1.0
483,385,1.0
553,488,1.0
561,511,1.0
565,561,1.0
545,507,1.0
352,542,1.0
517,475,1.0
527,439,1.0
400,537,1.0
545,428,1.0
559,378,1.0
567,465,1.0
438,408,1.0
413,473,1.0
459,563,1.0
444,538,1.0
432,527,1.0
376,361,1.0
391,373,1.0
517,461,1.0
444,360,1.0
363,559,1.0
522,531,1.0
432,465,1.0
423,391,1.0
374,370,1.0
412,436,1.0
461,506,1.0
371,362,1.0
430,493,1.0
543,563,1.0
361,475,1.0
555,418,1.0
460,432,1.0
506,496,1.0
483,527,1.0
394,503,1.0
404,398,1.0
451,544,1.0
350,552,1.0
561,507,1.0
516,397,1.0
496,497,1.0
519,361,1.0
508,460,1.0
529,466,1.0
368,517,1.0
354,463,1.0
471,465,1.0
455,510,1.0
440,419,1.0
527,432,1.0
396,354,1.0
439,517,1.0
520,570,1.0
492,436,1.0
460,456,1.0
533,433,1.0
458,510,1.0
355,474,1.0
514,496,1.0
567,360,1.0
510,497,1.0
378,517,1.0
570,514,1.0
368,497,1.0
373,417,1.0
431,412,1.0
409,521,1.0
445,417,1.0
421,570,1.0
567,484,1.0
517,373,1.0
419,423,1.0
460,492,1.0
561,404,1.0
414,567,1.0
526,376,1.0
420,537,1.0
497,567,1.0
408,524,1.0
421,465,1.0
375,352,1.0
567,503,1.0
414,461,1.0
395,452,1.0
431,438,1.0
496,523,1.0
519,475,1.0
513,360,1.0
542,483,1.0
477,516,1.0
363,367,1.0
558,414,1.0
361,450,1.0
513,517,1.0
525,412,1.0
370,428,1.0
563,541,1.0
391,559,1.0
513,506,1.0
564,393,1.0
497,374,1.0
366,434,1.0
473,556,1.0
474,361,1.0
432,431,1.0
378,500,1.0
477,554,1.0
475,502,1.0
438,493,1.0
457,381,1.0
527,483,1.0
562,470,1.0
428,402,1.0
525,370,1.0
414,391,1.0
359,391,1.0
471,507,1.0
549,198,1.0
353,408,1.0
419,517,1.0
409,400,1.0
483,482,1.0
436,566,1.0
560,362,1.0
512,511,1.0
438,561,1.0
484,412,1.0
510,433,1.0
517,553,1.0
423,419,1.0
397,457,1.0
460,475,1.0
543,570,1.0
514,451,1.0
500,525,1.0
537,423,1.0
458,370,1.0
458,555,1.0
351,364,1.0
547,475,1.0
354,557,1.0
508,428,1.0
482,460,1.0
430,395,1.0
460,544,1.0
401,386,1.0
387,436,1.0
545,538,1.0
563,433,1.0
408,352,1.0
518,563,1.0
389,419,1.0
510,452,1.0
517,419,1.0
414,428,1.0
363,561,1.0
444,428,1.0
542,371,1.0
412,366,1.0
395,561,1.0
555,546,1.0
493,440,1.0
456,400,1.0
419,469,1.0
495,378,1.0
500,412,1.0
355,452,1.0
567,524,1.0
458,514,1.0
524,438,1.0
513,373,1.0
408,503,1.0
512,560,1.0
378,368,1.0
350,561,1.0
482,404,1.0
500,475,1.0
518,435,1.0
542,436,1.0
391,400,1.0
408,400,1.0
494,404,1.0
458,482,1.0
486,380,1.0
502,548,1.0
417,556,1.0
507,497,1.0
507,495,1.0
420,451,1.0
470,403,1.0
419,565,1.0
397,516,1.0
558,570,1.0
368,494,1.0
378,475,1.0
436,524,1.0
487,376,1.0
515,465,1.0
496,404,1.0
553,517,1.0
501,364,1.0
363,353,1.0
432,566,1.0
567,373,1.0
414,506,1.0
570,439,1.0
523,513,1.0
504,429,1.0
482,446,1.0
388,487,1.0
500,557,1.0
524,471,1.0
350,419,1.0
567,420,1.0
408,409,1.0
559,542,1.0
545,444,1.0
395,417,1.0
484,493,1.0
477,369,1.0
438,492,1.0
460,415,1.0
517,376,1.0
359,489,1.0
517,525,1.0
460,566,1.0
405,478,1.0
484,503,1.0
514,492,1.0
380,424,1.0
363,524,1.0
520,497,1.0
412,370,1.0
402,395,1.0
366,538,1.0
504,481,1.0
460,558,1.0
455,569,1.0
566,514,1.0
524,542,1.0
525,537,1.0
531,463,1.0
519,376,1.0
450,557,1.0
409,456,1.0
373,563,1.0
517,503,1.0
460,506,1.0
483,515,1.0
561,409,1.0
463,376,1.0
432,370,1.0
508,506,1.0
437,499,1.0
503,527,1.0
525,475,1.0
566,400,1.0
432,571,1.0
484,536,1.0
439,513,1.0
410,382,1.0
412,432,1.0
545,475,1.0
430,412,1.0
374,567,1.0
391,561,1.0
520,508,1.0
559,414,1.0
487,500,1.0
409,497,1.0
399,393,1.0
370,413,1.0
469,540,1.0
439,373,1.0
525,440,1.0
484,431,1.0
360,461,1.0
441,198,1.0
394,391,1.0
412,569,1.0
413,542,1.0
418,475,1.0
403,510,1.0
515,403,1.0
463,504,1.0
368,408,1.0
493,404,1.0
455,543,1.0
424,486,1.0
479,431,1.0
436,385,1.0
473,408,1.0
435,389,1.0
394,544,1.0
517,520,1.0
515,391,1.0
517,408,1.0
459,389,1.0
475,460,1.0
372,530,1.0
503,366,1.0
412,452,1.0
376,563,1.0
436,478,1.0
520,417,1.0
412,400,1.0
546,403,1.0
483,538,1.0
492,524,1.0
529,539,1.0
563,485,1.0
444,513,1.0
361,376,1.0
368,375,1.0
475,481,1.0
516,381,1.0
522,455,1.0
545,415,1.0
568,361,1.0
388,483,1.0
359,367,1.0
516,389,1.0
544,524,1.0
493,503,1.0
545,493,1.0
420,569,1.0
424,389,1.0
502,475,1.0
457,389,1.0
525,493,1.0
494,398,1.0
516,563,1.0
491,391,1.0
524,463,1.0
524,373,1.0
415,545,1.0
548,366,1.0
553,544,1.0
500,450,1.0
542,428,1.0
431,483,1.0
514,471,1.0
395,483,1.0
569,537,1.0
511,484,1.0
563,425,1.0
400,461,1.0
566,553,1.0
503,560,1.0
391,366,1.0
475,547,1.0
408,373,1.0
504,397,1.0
493,500,1.0
556,542,1.0
444,423,1.0
563,435,1.0
374,544,1.0
479,409,1.0
524,465,1.0
483,391,1.0
360,402,1.0
368,456,1.0
507,458,1.0
473,527,1.0
504,367,1.0
425,439,1.0
398,525,1.0
463,415,1.0
559,525,1.0
487,408,1.0
538,494,1.0
514,392,1.0
542,553,1.0
408,520,1.0
517,513,1.0
373,423,1.0
364,399,1.0
434,376,1.0
475,431,1.0
388,363,1.0
431,479,1.0
479,512,1.0
544,370,1.0
510,458,1.0
465,420,1.0
456,506,1.0
420,374,1.0
560,561,1.0
414,465,1.0
359,470,1.0
439,553,1.0
465,414,1.0
440,496,1.0
354,359,1.0
531,555,1.0
497,461,1.0
360,558,1.0
438,376,1.0
561,408,1.0
418,432,1.0
455,412,1.0
465,456,1.0
522,546,1.0
418,405,1.0
400,409,1.0
547,460,1.0
417,374,1.0
519,367,1.0
483,363,1.0
559,434,1.0
560,537,1.0
429,522,1.0
539,568,1.0
515,395,1.0
497,460,1.0
566,373,1.0
463,524,1.0
525,392,1.0
417,353,1.0
460,570,1.0
354,355,1.0
475,355,1.0
561,436,1.0
377,383,1.0
514,432,1.0
541,508,1.0
557,465,1.0
434,425,1.0
394,512,1.0
363,455,1.0
517,494,1.0
487,525,1.0
525,373,1.0
422,402,1.0
487,421,1.0
541,430,1.0
405,418,1.0
408,465,1.0
513,439,1.0
416,412,1.0
469,458,1.0
563,430,1.0
484,514,1.0
439,432,1.0
420,506,1.0
434,496,1.0
567,395,1.0
395,421,1.0
465,391,1.0
515,400,1.0
538,392,1.0
481,489,1.0
402,363,1.0
538,409,1.0
553,392,1.0
359,452,1.0
527,559,1.0
446,366,1.0
461,438,1.0
506,514,1.0
556,517,1.0
465,438,1.0
537,417,1.0
559,368,1.0
355,373,1.0
506,517,1.0
357,505,1.0
542,527,1.0
500,513,1.0
471,563,1.0
388,404,1.0
373,366,1.0
462,538,1.0
392,475,1.0
444,363,1.0
549,173,1.0
460,395,1.0
465,418,1.0
429,372,1.0
542,465,1.0
496,507,1.0
368,525,1.0
507,553,1.0
546,452,1.0
562,359,1.0
525,436,1.0
461,412,1.0
456,473,1.0
456,391,1.0
549,428,1.0
543,528,1.0
374,451,1.0
432,460,1.0
559,511,1.0
538,525,1.0
360,544,1.0
560,492,1.0
398,494,1.0
398,368,1.0
366,404,1.0
424,369,1.0
487,378,1.0
523,563,1.0
469,419,1.0
493,456,1.0
504,539,1.0
412,507,1.0
376,417,1.0
544,556,1.0
566,402,1.0
388,415,1.0
543,504,1.0
368,409,1.0
538,497,1.0
374,439,1.0
538,487,1.0
436,461,1.0
395,515,1.0
497,450,1.0
373,492,1.0
524,513,1.0
367,519,1.0
375,526,1.0
376,542,1.0
474,557,1.0
565,370,1.0
489,355,1.0
498,373,1.0
545,458,1.0
548,373,1.0
460,366,1.0
459,357,1.0
479,520,1.0
388,513,1.0
479,525,1.0
452,395,1.0
515,460,1.0
461,385,1.0
363,388,1.0
432,374,1.0
542,413,1.0
497,510,1.0
483,567,1.0
409,538,1.0
481,359,1.0
514,408,1.0
503,417,1.0
523,561,1.0
402,355,1.0
493,431,1.0
483,444,1.0
514,520,1.0
556,451,1.0
350,563,1.0
509,357,1.0
374,526,1.0
563,376,1.0
567,483,1.0
466,529,1.0
545,374,1.0
465,506,1.0
352,492,1.0
374,535,1.0
355,402,1.0
355,548,1.0
534,349,1.0
563,566,1.0
376,410,1.0
366,430,1.0
523,439,1.0
500,566,1.0
507,388,1.0
445,535,1.0
442,544,1.0
400,524,1.0
524,559,1.0
388,567,1.0
524,376,1.0
438,436,1.0
516,457,1.0
544,525,1.0
363,444,1.0
488,400,1.0
483,513,1.0
439,473,1.0
569,471,1.0
466,522,1.0
398,512,1.0
378,495,1.0
516,469,1.0
465,461,1.0
391,512,1.0
545,431,1.0
417,524,1.0
431,456,1.0
563,528,1.0
557,483,1.0
376,373,1.0
488,376,1.0
516,369,1.0
385,483,1.0
484,513,1.0
392,456,1.0
563,415,1.0
506,527,1.0
527,503,1.0
355,376,1.0
507,461,1.0
525,438,1.0
506,376,1.0
416,493,1.0
483,473,1.0
538,431,1.0
398,431,1.0
392,553,1.0
400,417,1.0
375,493,1.0
362,558,1.0
395,560,1.0
484,352,1.0
422,438,1.0
408,514,1.0
362,495,1.0
374,507,1.0
517,512,1.0
432,525,1.0
397,418,1.0
553,455,1.0
373,507,1.0
517,446,1.0
363,483,1.0
350,407,1.0
518,551,1.0
470,452,1.0
391,527,1.0
542,503,1.0
561,369,1.0
378,483,1.0
373,561,1.0
557,455,1.0
426,510,1.0
396,376,1.0
428,412,1.0
506,504,1.0
546,531,1.0
484,419,1.0
568,531,1.0
526,497,1.0
368,559,1.0
544,465,1.0
511,493,1.0
517,387,1.0
428,514,1.0
198,351,1.0
504,455,1.0
502,391,1.0
517,378,1.0
482,496,1.0
544,402,1.0
502,378,1.0
366,373,1.0
444,449,1.0
497,566,1.0
362,413,1.0
524,456,1.0
475,524,1.0
490,407,1.0
551,516,1.0
392,423,1.0
510,504,1.0
364,564,1.0
436,438,1.0
471,432,1.0
367,378,1.0
475,438,1.0
473,456,1.0
561,492,1.0
398,375,1.0
353,370,1.0
492,475,1.0
473,463,1.0
538,566,1.0
363,481,1.0
416,569,1.0
500,438,1.0
483,461,1.0
527,436,1.0
403,547,1.0
415,421,1.0
360,463,1.0
504,350,1.0
444,417,1.0
546,474,1.0
537,430,1.0
372,539,1.0
436,373,1.0
374,373,1.0
500,391,1.0
417,475,1.0
548,367,1.0
504,543,1.0
400,438,1.0
559,419,1.0
360,495,1.0
492,537,1.0
512,409,1.0
525,387,1.0
510,403,1.0
494,368,1.0
373,408,1.0
375,479,1.0
428,561,1.0
428,506,1.0
560,540,1.0
400,366,1.0
431,465,1.0
507,397,1.0
461,370,1.0
369,516,1.0
464,427,1.0
523,402,1.0
521,432,1.0
392,483,1.0
563,428,1.0
546,543,1.0
422,460,1.0
542,495,1.0
475,402,1.0
412,409,1.0
493,557,1.0
544,563,1.0
451,428,1.0
417,444,1.0
570,444,1.0
507,510,1.0
559,513,1.0
494,526,1.0
482,484,1.0
512,525,1.0
370,483,1.0
489,555,1.0
561,432,1.0
507,432,1.0
492,460,1.0
518,509,1.0
355,557,1.0
373,353,1.0
529,455,1.0
483,544,1.0
475,474,1.0
504,548,1.0
422,395,1.0
438,507,1.0
513,512,1.0
542,417,1.0
504,449,1.0
380,509,1.0
527,561,1.0
432,412,1.0
537,525,1.0
471,475,1.0
527,506,1.0
482,392,1.0
476,198,1.0
537,419,1.0
408,461,1.0
523,497,1.0
427,414,1.0
445,415,1.0
557,361,1.0
534,523,1.0
438,525,1.0
460,535,1.0
432,400,1.0
506,544,1.0
463,542,1.0
400,503,1.0
430,561,1.0
433,563,1.0
375,525,1.0
475,484,1.0
392,394,1.0
495,520,1.0
481,422,1.0
483,561,1.0
432,546,1.0
507,556,1.0
474,359,1.0
559,387,1.0
373,558,1.0
354,376,1.0
563,442,1.0
459,457,1.0
368,363,1.0
483,420,1.0
442,523,1.0
438,360,1.0
561,400,1.0
536,395,1.0
563,402,1.0
198,364,1.0
452,370,1.0
463,557,1.0
469,397,1.0
490,446,1.0
543,360,1.0
552,464,1.0
556,394,1.0
376,519,1.0
422,444,1.0
415,463,1.0
424,505,1.0
457,505,1.0
474,355,1.0
563,414,1.0
417,538,1.0
451,561,1.0
523,423,1.0
400,445,1.0
497,363,1.0
521,504,1.0
539,503,1.0
404,395,1.0
392,373,1.0
543,402,1.0
477,485,1.0
428,492,1.0
518,424,1.0
552,350,1.0
512,488,1.0
497,515,1.0
478,534,1.0
515,355,1.0
519,546,1.0
553,417,1.0
566,493,1.0
376,496,1.0
436,465,1.0
395,506,1.0
462,352,1.0
517,400,1.0
514,430,1.0
368,553,1.0
374,430,1.0
481,519,1.0
510,553,1.0
553,559,1.0
563,471,1.0
445,542,1.0
479,456,1.0
450,354,1.0
566,503,1.0
428,373,1.0
368,521,1.0
461,561,1.0
543,480,1.0
419,487,1.0
404,525,1.0
409,517,1.0
430,366,1.0
417,431,1.0
354,500,1.0
391,431,1.0
445,444,1.0
376,387,1.0
544,451,1.0
394,400,1.0
506,439,1.0
498,437,1.0
496,475,1.0
517,436,1.0
524,363,1.0
557,507,1.0
458,496,1.0
507,514,1.0
463,489,1.0
510,418,1.0
568,410,1.0
504,546,1.0
523,461,1.0
506,417,1.0
563,480,1.0
503,409,1.0
396,555,1.0
430,469,1.0
416,432,1.0
474,489,1.0
515,566,1.0
559,363,1.0
373,513,1.0
531,382,1.0
397,543,1.0
496,388,1.0
500,408,1.0
506,451,1.0
370,353,1.0
423,444,1.0
360,565,1.0
432,507,1.0
504,513,1.0
453,468,1.0
506,432,1.0
409,525,1.0
391,359,1.0
483,395,1.0
554,357,1.0
378,514,1.0
404,556,1.0
373,473,1.0
444,495,1.0
538,465,1.0
569,416,1.0
391,493,1.0
557,396,1.0
544,378,1.0
483,388,1.0
403,519,1.0
544,484,1.0
474,481,1.0
438,414,1.0
493,409,1.0
473,412,1.0
438,559,1.0
392,542,1.0
524,378,1.0
423,513,1.0
506,456,1.0
408,493,1.0
455,369,1.0
372,460,1.0
525,473,1.0
542,409,1.0
483,503,1.0
458,434,1.0
462,493,1.0
436,434,1.0
354,507,1.0
437,532,1.0
483,493,1.0
497,432,1.0
376,355,1.0
402,506,1.0
357,389,1.0
412,547,1.0
518,477,1.0
438,520,1.0
541,514,1.0
400,387,1.0
376,500,1.0
514,458,1.0
555,361,1.0
373,402,1.0
359,481,1.0
571,432,1.0
376,561,1.0
433,510,1.0
417,428,1.0
365,360,1.0
509,369,1.0
524,525,1.0
513,400,1.0
517,409,1.0
417,507,1.0
375,404,1.0
488,512,1.0
376,359,1.0
478,496,1.0
458,376,1.0
506,461,1.0
367,502,1.0
456,537,1.0
507,520,1.0
395,513,1.0
511,556,1.0
515,517,1.0
463,547,1.0
402,373,1.0
376,442,1.0
431,419,1.0
428,465,1.0
513,438,1.0
421,493,1.0
400,432,1.0
450,481,1.0
566,420,1.0
515,482,1.0
553,402,1.0
513,366,1.0
509,516,1.0
516,486,1.0
500,354,1.0
475,434,1.0
419,540,1.0
542,445,1.0
404,559,1.0
500,548,1.0
521,460,1.0
444,439,1.0
422,545,1.0
376,497,1.0
525,512,1.0
456,440,1.0
354,510,1.0
366,492,1.0
507,506,1.0
389,469,1.0
376,378,1.0
409,408,1.0
521,510,1.0
514,538,1.0
361,530,1.0
519,452,1.0
497,546,1.0
545,417,1.0
470,359,1.0
458,553,1.0
548,525,1.0
517,463,1.0
376,511,1.0
497,452,1.0
525,409,1.0
461,460,1.0
546,522,1.0
434,456,1.0
394,511,1.0
426,378,1.0
408,445,1.0
415,460,1.0
479,536,1.0
500,400,1.0
482,362,1.0
483,526,1.0
378,374,1.0
408,438,1.0
357,518,1.0
376,400,1.0
456,503,1.0
517,496,1.0
405,361,1.0
470,355,1.0
367,391,1.0
456,493,1.0
557,355,1.0
400,373,1.0
361,405,1.0
479,493,1.0
479,538,1.0
425,373,1.0
558,373,1.0
469,381,1.0
471,378,1.0
511,431,1.0
378,431,1.0
478,434,1.0
514,500,1.0
500,402,1.0
489,475,1.0
439,475,1.0
438,495,1.0
352,525,1.0
539,391,1.0
424,380,1.0
395,400,1.0
391,376,1.0
376,432,1.0
444,422,1.0
513,561,1.0
363,385,1.0
560,473,1.0
503,514,1.0
370,475,1.0
491,548,1.0
507,483,1.0
456,431,1.0
429,455,1.0
416,430,1.0
566,513,1.0
394,556,1.0
400,414,1.0
561,526,1.0
369,486,1.0
558,415,1.0
445,421,1.0
526,525,1.0
460,542,1.0
489,463,1.0
503,438,1.0
369,455,1.0
525,526,1.0
402,513,1.0
417,559,1.0
497,373,1.0
451,465,1.0
438,563,1.0
524,400,1.0
372,570,1.0
527,398,1.0
376,363,1.0
430,537,1.0
350,433,1.0
551,389,1.0
374,497,1.0
353,400,1.0
525,506,1.0
548,504,1.0
452,521,1.0
442,475,1.0
438,553,1.0
503,487,1.0
428,425,1.0
426,513,1.0
513,391,1.0
422,372,1.0
570,428,1.0
400,420,1.0
173,427,1.0
500,487,1.0
528,355,1.0
422,523,1.0
516,518,1.0
375,503,1.0
533,510,1.0
503,430,1.0
400,525,1.0
542,362,1.0
545,553,1.0
523,387,1.0
465,559,1.0
493,363,1.0
432,553,1.0
507,517,1.0
548,376,1.0
511,536,1.0
429,466,1.0
524,497,1.0
487,475,1.0
514,414,1.0
514,439,1.0
375,484,1.0
417,465,1.0
513,426,1.0
416,419,1.0
363,544,1.0
567,475,1.0
457,516,1.0
389,381,1.0
451,432,1.0
404,368,1.0
520,365,1.0
445,520,1.0
432,559,1.0
363,521,1.0
556,444,1.0
483,497,1.0
538,400,1.0
374,500,1.0
456,566,1.0
520,373,1.0
560,512,1.0
462,353,1.0
362,371,1.0
435,369,1.0
516,380,1.0
408,439,1.0
520,428,1.0
513,500,1.0
515,471,1.0
463,560,1.0
496,514,1.0
460,482,1.0
504,529,1.0
538,368,1.0
352,431,1.0
565,560,1.0
414,566,1.0
523,524,1.0
559,567,1.0
506,438,1.0
366,378,1.0
528,433,1.0
525,513,1.0
412,525,1.0
412,566,1.0
436,414,1.0
488,395,1.0
438,395,1.0
376,570,1.0
483,557,1.0
524,500,1.0
488,511,1.0
400,553,1.0
456,479,1.0
450,519,1.0
465,452,1.0
378,363,1.0
445,398,1.0
425,428,1.0
482,458,1.0
483,431,1.0
525,487,1.0
460,376,1.0
373,370,1.0
439,544,1.0
482,378,1.0
504,544,1.0
517,368,1.0
531,429,1.0
484,506,1.0
431,426,1.0
514,363,1.0
436,525,1.0
524,420,1.0
405,531,1.0
387,360,1.0
542,404,1.0
535,489,1.0
474,500,1.0
539,455,1.0
383,377,1.0
556,512,1.0
423,484,1.0
462,517,1.0
506,537,1.0
560,538,1.0
367,547,1.0
476,364,1.0
419,493,1.0
553,458,1.0
380,518,1.0
437,453,1.0
374,545,1.0
514,525,1.0
525,515,1.0
388,445,1.0
473,465,1.0
461,553,1.0
527,417,1.0
513,420,1.0
369,407,1.0
376,490,1.0
391,503,1.0
388,537,1.0
391,517,1.0
548,502,1.0
541,504,1.0
544,506,1.0
436,513,1.0
516,419,1.0
553,360,1.0
513,376,1.0
504,547,1.0
397,422,1.0
471,370,1.0
378,366,1.0
354,489,1.0
536,545,1.0
533,472,1.0
400,378,1.0
376,465,1.0
438,503,1.0
374,366,1.0
567,451,1.0
553,376,1.0
460,417,1.0
538,545,1.0
494,493,1.0
406,387,1.0
397,507,1.0
439,370,1.0
525,431,1.0
423,537,1.0
513,414,1.0
514,524,1.0
432,397,1.0
513,504,1.0
517,434,1.0
497,353,1.0
384,464,1.0
452,428,1.0
493,352,1.0
456,525,1.0
545,512,1.0
458,403,1.0
559,373,1.0
512,556,1.0
570,543,1.0
518,357,1.0
408,404,1.0
481,396,1.0
563,567,1.0
553,504,1.0
567,456,1.0
408,444,1.0
434,475,1.0
529,522,1.0
481,418,1.0
439,374,1.0
404,496,1.0
463,473,1.0
559,432,1.0
455,363,1.0
400,500,1.0
503,500,1.0
531,354,1.0
426,504,1.0
372,421,1.0
525,374,1.0
506,436,1.0
484,537,1.0
484,391,1.0
554,509,1.0
431,434,1.0
546,355,1.0
419,357,1.0
524,426,1.0
412,503,1.0
388,450,1.0
487,439,1.0
431,374,1.0
487,465,1.0
559,456,1.0
378,471,1.0
370,376,1.0
373,523,1.0
539,466,1.0
564,364,1.0
392,559,1.0
414,373,1.0
519,450,1.0
551,509,1.0
353,496,1.0
366,438,1.0
353,419,1.0
525,545,1.0
428,524,1.0
459,518,1.0
476,399,1.0
426,376,1.0
511,394,1.0
494,416,1.0
439,451,1.0
479,527,1.0
503,423,1.0
363,402,1.0
553,451,1.0
408,483,1.0
463,395,1.0
353,544,1.0
561,419,1.0
497,496,1.0
373,491,1.0
374,414,1.0
378,559,1.0
527,370,1.0
514,420,1.0
475,563,1.0
504,444,1.0
566,363,1.0
504,463,1.0
378,414,1.0
402,524,1.0
540,370,1.0
354,361,1.0
400,513,1.0
400,497,1.0
423,497,1.0
409,398,1.0
475,553,1.0
475,565,1.0
395,368,1.0
503,497,1.0
376,553,1.0
370,561,1.0
465,423,1.0
559,431,1.0
523,506,1.0
500,520,1.0
432,521,1.0
465,432,1.0
423,373,1.0
370,515,1.0
400,488,1.0
417,456,1.0
434,559,1.0
515,475,1.0
391,553,1.0
370,439,1.0
515,431,1.0
439,520,1.0
439,525,1.0
444,404,1.0
378,391,1.0
558,421,1.0
364,393,1.0
376,460,1.0
421,400,1.0
502,376,1.0
394,392,1.0
370,378,1.0
445,463,1.0
484,398,1.0
382,531,1.0
567,416,1.0
563,477,1.0
455,522,1.0
475,506,1.0
412,487,1.0
436,363,1.0
394,517,1.0
523,570,1.0
515,366,1.0
391,446,1.0
488,496,1.0
496,373,1.0
526,512,1.0
559,493,1.0
475,523,1.0
483,525,1.0
428,512,1.0
493,465,1.0
465,507,1.0
436,392,1.0
444,388,1.0
514,373,1.0
451,430,1.0
355,460,1.0
382,354,1.0
421,558,1.0
491,359,1.0
556,404,1.0
479,513,1.0
444,520,1.0
367,474,1.0
503,553,1.0
419,430,1.0
397,370,1.0
472,533,1.0
507,563,1.0
567,392,1.0
395,559,1.0
495,438,1.0
412,533,1.0
378,428,1.0
566,500,1.0
527,479,1.0
363,538,1.0
518,554,1.0
423,428,1.0
449,422,1.0
560,404,1.0
500,524,1.0
513,417,1.0
486,551,1.0
392,514,1.0
360,417,1.0
508,534,1.0
462,437,1.0
436,483,1.0
463,354,1.0
404,566,1.0
451,563,1.0
563,516,1.0
374,513,1.0
370,402,1.0
359,562,1.0
473,542,1.0
395,524,1.0
416,497,1.0
385,436,1.0
395,431,1.0
542,479,1.0
463,362,1.0
528,563,1.0
444,473,1.0
461,517,1.0
561,565,1.0
376,420,1.0
557,388,1.0
398,493,1.0
380,369,1.0
388,544,1.0
445,495,1.0
462,456,1.0
547,403,1.0
548,475,1.0
489,474,1.0
487,388,1.0
531,350,1.0
483,535,1.0
483,436,1.0
563,504,1.0
392,370,1.0
545,517,1.0
500,428,1.0
391,490,1.0
506,523,1.0
526,517,1.0
486,381,1.0
376,475,1.0
524,566,1.0
520,415,1.0
556,511,1.0
553,483,1.0
487,483,1.0
536,479,1.0
489,359,1.0
434,400,1.0
412,529,1.0
400,395,1.0
395,413,1.0
516,505,1.0
428,526,1.0
570,402,1.0
417,567,1.0
566,515,1.0
438,524,1.0
438,431,1.0
455,546,1.0
431,353,1.0
493,419,1.0
387,444,1.0
547,367,1.0
514,395,1.0
481,355,1.0
545,561,1.0
399,198,1.0
553,565,1.0
570,374,1.0
452,546,1.0
484,428,1.0
394,492,1.0
431,472,1.0
387,513,1.0
445,473,1.0
439,542,1.0
531,529,1.0
425,570,1.0
413,373,1.0
506,475,1.0
570,417,1.0
408,560,1.0
561,473,1.0
398,503,1.0
420,465,1.0
431,366,1.0
452,412,1.0
495,456,1.0
428,404,1.0
392,567,1.0
570,545,1.0
492,517,1.0
350,455,1.0
503,525,1.0
517,374,1.0
398,484,1.0
456,412,1.0
477,563,1.0
451,395,1.0
417,363,1.0
415,558,1.0
469,563,1.0
455,429,1.0
471,537,1.0
514,460,1.0
497,400,1.0
376,414,1.0
384,350,1.0
360,388,1.0
434,563,1.0
376,426,1.0
560,463,1.0
412,526,1.0
461,408,1.0
388,548,1.0
428,507,1.0
438,432,1.0
500,414,1.0
520,374,1.0
517,395,1.0
475,542,1.0
492,363,1.0
366,517,1.0
474,475,1.0
569,420,1.0
419,483,1.0
551,505,1.0
504,374,1.0
565,524,1.0
366,497,1.0
370,542,1.0
439,570,1.0
492,392,1.0
436,556,1.0
518,389,1.0
469,357,1.0
510,397,1.0
460,371,1.0
487,559,1.0
428,513,1.0
417,544,1.0
500,431,1.0
423,538,1.0
560,539,1.0
560,353,1.0
410,548,1.0
357,457,1.0
353,515,1.0
531,397,1.0
506,465,1.0
431,475,1.0
417,416,1.0
363,484,1.0
402,570,1.0
563,507,1.0
525,404,1.0
484,527,1.0
475,545,1.0
469,518,1.0
494,538,1.0
492,503,1.0
387,517,1.0
432,428,1.0
350,426,1.0
475,544,1.0
357,369,1.0
462,409,1.0
428,400,1.0
366,368,1.0
563,513,1.0
376,463,1.0
373,475,1.0
544,460,1.0
457,357,1.0
378,423,1.0
456,352,1.0
400,415,1.0
381,389,1.0
557,397,1.0
537,538,1.0
430,503,1.0
492,542,1.0
389,551,1.0
415,465,1.0
391,492,1.0
397,354,1.0
394,376,1.0
483,500,1.0
557,513,1.0
524,353,1.0
532,379,1.0
450,475,1.0
400,566,1.0
505,357,1.0
539,429,1.0
514,548,1.0
414,553,1.0
545,398,1.0
198,564,1.0
456,567,1.0
408,500,1.0
506,444,1.0
460,559,1.0
388,496,1.0
561,525,1.0
563,456,1.0
378,394,1.0
424,357,1.0
490,523,1.0
438,514,1.0
539,560,1.0
387,376,1.0
441,564,1.0
563,436,1.0
198,501,1.0
412,528,1.0
409,542,1.0
428,417,1.0
416,370,1.0
424,469,1.0
424,518,1.0
547,382,1.0
482,366,1.0
553,569,1.0
480,449,1.0
484,430,1.0
420,430,1.0
423,370,1.0
484,520,1.0
484,378,1.0
376,513,1.0
415,520,1.0
549,563,1.0
457,509,1.0
419,456,1.0
423,395,1.0
432,452,1.0
473,539,1.0
422,553,1.0
553,367,1.0
560,483,1.0
567,561,1.0
564,501,1.0
431,538,1.0
359,474,1.0
391,497,1.0
400,493,1.0
484,423,1.0
436,517,1.0
366,493,1.0
431,373,1.0
370,360,1.0
504,407,1.0
508,402,1.0
506,545,1.0
374,488,1.0
405,359,1.0
546,489,1.0
455,557,1.0
444,517,1.0
419,561,1.0
514,387,1.0
374,463,1.0
553,370,1.0
537,497,1.0
559,497,1.0
513,559,1.0
436,488,1.0
526,503,1.0
569,374,1.0
535,413,1.0
507,431,1.0
557,463,1.0
420,400,1.0
404,366,1.0
506,374,1.0
431,376,1.0
513,515,1.0
567,414,1.0
376,439,1.0
497,370,1.0
456,409,1.0
501,393,1.0
363,373,1.0
370,565,1.0
431,471,1.0
465,487,1.0
350,504,1.0
546,563,1.0
485,563,1.0
362,542,1.0
493,398,1.0
484,525,1.0
413,370,1.0
500,503,1.0
420,566,1.0
570,360,1.0
397,554,1.0
366,394,1.0
355,418,1.0
553,545,1.0
560,565,1.0
489,450,1.0
392,404,1.0
355,510,1.0
361,500,1.0
500,484,1.0
506,431,1.0
515,496,1.0
463,360,1.0
518,469,1.0
387,556,1.0
431,414,1.0
507,523,1.0
408,526,1.0
361,562,1.0
561,503,1.0
553,566,1.0
481,363,1.0
497,458,1.0
500,392,1.0
410,475,1.0
452,354,1.0
509,486,1.0
559,374,1.0
514,541,1.0
564,198,1.0
455,529,1.0
421,455,1.0
513,428,1.0
396,510,1.0
545,395,1.0
511,545,1.0
383,387,1.0
465,460,1.0
376,482,1.0
544,391,1.0
503,412,1.0
363,414,1.0
516,459,1.0
436,542,1.0
400,412,1.0
482,432,1.0
419,452,1.0
414,496,1.0
524,374,1.0
451,439,1.0
527,497,1.0
408,525,1.0
500,423,1.0
475,527,1.0
438,496,1.0
422,570,1.0
548,500,1.0
445,388,1.0
483,487,1.0
567,428,1.0
493,438,1.0
419,525,1.0
411,356,1.0
561,566,1.0
551,486,1.0
419,567,1.0
477,397,1.0
531,563,1.0
366,475,1.0
497,537,1.0
373,397,1.0
378,417,1.0
419,381,1.0
420,524,1.0
482,507,1.0
450,548,1.0
460,497,1.0
511,376,1.0
512,561,1.0
361,354,1.0
542,370,1.0
460,461,1.0
391,484,1.0
566,438,1.0
431,440,1.0
417,366,1.0
356,472,1.0
526,408,1.0
402,500,1.0
387,561,1.0
532,572,1.0
376,527,1.0
479,375,1.0
366,542,1.0
373,548,1.0
431,428,1.0
500,353,1.0
497,570,1.0
488,553,1.0
436,496,1.0
566,431,1.0
492,366,1.0
431,507,1.0
566,524,1.0
455,539,1.0
418,504,1.0
402,412,1.0
544,557,1.0
368,479,1.0
435,555,1.0
410,372,1.0
353,366,1.0
555,355,1.0
460,523,1.0
471,419,1.0
486,469,1.0
503,513,1.0
486,424,1.0
367,416,1.0
526,353,1.0
364,351,1.0
452,404,1.0
402,460,1.0
414,483,1.0
404,431,1.0
482,428,1.0
503,484,1.0
417,561,1.0
462,532,1.0
438,402,1.0
500,555,1.0
490,367,1.0
517,438,1.0
516,424,1.0
388,373,1.0
419,431,1.0
441,476,1.0
544,452,1.0
360,422,1.0
428,392,1.0
566,537,1.0
558,362,1.0
567,497,1.0
390,376,1.0
555,359,1.0
496,483,1.0
378,373,1.0
520,527,1.0
353,540,1.0
533,407,1.0
374,482,1.0
520,483,1.0
489,422,1.0
409,353,1.0
506,508,1.0
417,511,1.0
517,545,1.0
360,442,1.0
363,374,1.0
508,542,1.0
535,465,1.0
494,483,1.0
512,456,1.0
349,478,1.0
497,434,1.0
439,477,1.0
475,556,1.0
354,403,1.0
563,432,1.0
570,544,1.0
522,568,1.0
451,503,1.0
434,414,1.0
425,423,1.0
551,424,1.0
508,563,1.0
517,428,1.0
428,438,1.0
554,477,1.0
412,565,1.0
497,431,1.0
373,546,1.0
551,469,1.0
553,524,1.0
398,456,1.0
522,429,1.0
424,551,1.0
546,519,1.0
408,368,1.0
527,538,1.0
475,489,1.0
493,507,1.0
498,411,1.0
460,391,1.0
410,555,1.0
513,510,1.0
475,557,1.0
543,407,1.0
430,451,1.0
524,417,1.0
494,409,1.0
547,354,1.0
428,436,1.0
389,486,1.0
513,452,1.0
502,367,1.0
520,444,1.0
504,432,1.0
495,460,1.0
519,355,1.0
508,541,1.0
459,551,1.0
412,506,1.0
451,370,1.0
517,500,1.0
373,528,1.0
481,466,1.0
500,452,1.0
504,528,1.0
524,503,1.0
434,378,1.0
423,376,1.0
376,452,1.0
523,534,1.0
425,427,1.0
451,493,1.0
517,537,1.0
457,459,1.0
396,519,1.0
557,503,1.0
412,473,1.0
512,408,1.0
354,452,1.0
477,457,1.0
484,475,1.0
488,438,1.0
396,359,1.0
536,368,1.0
391,378,1.0
370,524,1.0
553,418,1.0
536,352,1.0
544,417,1.0
557,493,1.0
512,493,1.0
542,376,1.0
404,415,1.0
521,409,1.0
359,555,1.0
353,462,1.0
507,496,1.0
561,497,1.0
378,436,1.0
560,445,1.0
547,452,1.0
518,397,1.0
452,450,1.0
444,503,1.0
544,523,1.0
393,441,1.0
551,435,1.0
487,391,1.0
353,497,1.0
500,374,1.0
545,373,1.0
503,398,1.0
507,463,1.0
475,414,1.0
488,374,1.0
463,402,1.0
487,363,1.0
423,558,1.0
420,553,1.0
566,526,1.0
439,425,1.0
569,563,1.0
500,519,1.0
462,368,1.0
402,360,1.0
425,395,1.0
569,455,1.0
374,565,1.0
359,354,1.0
354,531,1.0
376,370,1.0
492,394,1.0
419,559,1.0
539,372,1.0
395,387,1.0
391,414,1.0
432,541,1.0
460,444,1.0
408,488,1.0
479,492,1.0
461,513,1.0
484,560,1.0
559,376,1.0
537,559,1.0
553,422,1.0
456,563,1.0
460,567,1.0
392,538,1.0
553,439,1.0
428,452,1.0
503,566,1.0
515,527,1.0
557,555,1.0
404,479,1.0
520,422,1.0
366,555,1.0
410,463,1.0
513,397,1.0
513,456,1.0
402,495,1.0
513,514,1.0
515,525,1.0
419,395,1.0
525,503,1.0
545,563,1.0
441,399,1.0
363,475,1.0
391,394,1.0
350,528,1.0
421,397,1.0
495,415,1.0
462,431,1.0
456,432,1.0
465,566,1.0
514,438,1.0
514,507,1.0
360,524,1.0
461,436,1.0
396,470,1.0
475,515,1.0
485,477,1.0
556,376,1.0
498,532,1.0
486,457,1.0
531,546,1.0
450,539,1.0
439,444,1.0
376,502,1.0
426,531,1.0
522,539,1.0
392,561,1.0
353,417,1.0
456,370,1.0
455,563,1.0
531,475,1.0
432,557,1.0
570,553,1.0
473,445,1.0
514,484,1.0
367,490,1.0
484,366,1.0
488,475,1.0
442,563,1.0
438,475,1.0
520,561,1.0
476,501,1.0
440,493,1.0
417,527,1.0
544,513,1.0
403,354,1.0
524,414,1.0
400,492,1.0
513,353,1.0
508,544,1.0
409,412,1.0
369,551,1.0
503,465,1.0
386,401,1.0
394,515,1.0
497,456,1.0
376,538,1.0
413,460,1.0
497,366,1.0
561,422,1.0
538,537,1.0
392,560,1.0
497,418,1.0
456,392,1.0
462,494,1.0
493,400,1.0
465,400,1.0
513,524,1.0
537,483,1.0
389,357,1.0
520,370,1.0
422,455,1.0
458,469,1.0
432,482,1.0
513,557,1.0
514,537,1.0
355,396,1.0
433,504,1.0
479,561,1.0
398,409,1.0
566,388,1.0
484,465,1.0
546,504,1.0
413,448,1.0
524,507,1.0
436,394,1.0
353,446,1.0
506,483,1.0
503,493,1.0
428,387,1.0
400,456,1.0
444,432,1.0
444,374,1.0
559,428,1.0
373,545,1.0
470,458,1.0
507,439,1.0
570,425,1.0
524,385,1.0
517,514,1.0
431,559,1.0
481,555,1.0
469,430,1.0
538,440,1.0
479,559,1.0
563,451,1.0
535,445,1.0
354,396,1.0
431,436,1.0
451,567,1.0
360,514,1.0
445,362,1.0
504,522,1.0
505,486,1.0
515,373,1.0
483,432,1.0
543,545,1.0
524,428,1.0
434,488,1.0
442,360,1.0
392,428,1.0
440,431,1.0
520,461,1.0
523,520,1.0
547,412,1.0
412,391,1.0
353,492,1.0
403,382,1.0
559,465,1.0
475,423,1.0
391,417,1.0
559,400,1.0
513,544,1.0
353,514,1.0
554,516,1.0
546,373,1.0
512,536,1.0
506,557,1.0
439,506,1.0
428,549,1.0
496,513,1.0
526,507,1.0
567,417,1.0
537,388,1.0
388,465,1.0
414,544,1.0
461,360,1.0
367,566,1.0
557,475,1.0
524,527,1.0
376,391,1.0
471,439,1.0
555,548,1.0
506,524,1.0
381,424,1.0
525,479,1.0
497,544,1.0
437,463,1.0
431,513,1.0
513,471,1.0
366,539,1.0
381,469,1.0
452,519,1.0
469,389,1.0
559,452,1.0
531,474,1.0
514,431,1.0
548,355,1.0
388,444,1.0
536,493,1.0
404,465,1.0
542,561,1.0
513,394,1.0
403,546,1.0
369,509,1.0
515,353,1.0
395,461,1.0
451,569,1.0
372,568,1.0
547,422,1.0
558,465,1.0
432,475,1.0
452,555,1.0
374,444,1.0
433,455,1.0
460,445,1.0
463,475,1.0
489,546,1.0
435,551,1.0
496,374,1.0
499,437,1.0
532,499,1.0
417,553,1.0
458,354,1.0
536,409,1.0
466,455,1.0
523,412,1.0
357,419,1.0
368,462,1.0
419,440,1.0
352,484,1.0
546,359,1.0
482,515,1.0
428,431,1.0
527,378,1.0
560,408,1.0
462,525,1.0
398,559,1.0
566,370,1.0
420,370,1.0
529,429,1.0
473,515,1.0
503,352,1.0
566,412,1.0
500,474,1.0
376,450,1.0
444,483,1.0
542,525,1.0
373,461,1.0
374,460,1.0
561,456,1.0
363,417,1.0
386,532,1.0
376,354,1.0
456,430,1.0
557,410,1.0
519,506,1.0
376,458,1.0
376,402,1.0
494,517,1.0
376,548,1.0
376,444,1.0
444,500,1.0
373,412,1.0
542,378,1.0
527,514,1.0
436,527,1.0
521,475,1.0
559,395,1.0
548,519,1.0
402,561,1.0
422,474,1.0
555,519,1.0
480,563,1.0
507,412,1.0
363,566,1.0
363,525,1.0
407,510,1.0
504,531,1.0
382,470,1.0
394,366,1.0
527,368,1.0
465,558,1.0
357,469,1.0
507,438,1.0
483,376,1.0
397,357,1.0
505,551,1.0
494,352,1.0
440,456,1.0
417,560,1.0
395,556,1.0
360,506,1.0
376,506,1.0
536,517,1.0
463,500,1.0
392,465,1.0
426,350,1.0
492,400,1.0
465,387,1.0
489,535,1.0
514,517,1.0
506,391,1.0
374,418,1.0
534,434,1.0
535,483,1.0
561,391,1.0
504,507,1.0
564,454,1.0
369,457,1.0
527,553,1.0
567,553,1.0
431,511,1.0
515,484,1.0
388,353,1.0
556,544,1.0
432,506,1.0
567,563,1.0
400,421,1.0
419,538,1.0
558,553,1.0
368,352,1.0
503,387,1.0
488,527,1.0
427,496,1.0
410,557,1.0
428,360,1.0
373,517,1.0
460,495,1.0
412,442,1.0
431,497,1.0
391,438,1.0
452,531,1.0
465,374,1.0
513,507,1.0
438,473,1.0
473,479,1.0
526,366,1.0
553,492,1.0
538,423,1.0
492,566,1.0
404,444,1.0
456,460,1.0
553,391,1.0
387,383,1.0
479,484,1.0
546,432,1.0
546,367,1.0
388,500,1.0
460,507,1.0
425,520,1.0
553,395,1.0
397,458,1.0
479,503,1.0
373,506,1.0
378,426,1.0
554,457,1.0
357,516,1.0
465,483,1.0
537,561,1.0
357,554,1.0
568,418,1.0
438,556,1.0
354,481,1.0
395,512,1.0
569,465,1.0
561,412,1.0
461,548,1.0
402,387,1.0
415,360,1.0
524,461,1.0
360,543,1.0
436,559,1.0
376,489,1.0
538,542,1.0
388,370,1.0
391,566,1.0
362,570,1.0
461,507,1.0
497,350,1.0
507,493,1.0
492,500,1.0
510,563,1.0
542,559,1.0
515,519,1.0
556,431,1.0
517,460,1.0
481,361,1.0
376,434,1.0
536,525,1.0
373,450,1.0
517,462,1.0
561,506,1.0
373,565,1.0
432,471,1.0
525,408,1.0
423,527,1.0
545,520,1.0
527,376,1.0
555,366,1.0
487,444,1.0
506,492,1.0
507,565,1.0
417,500,1.0
451,402,1.0
438,521,1.0
389,505,1.0
402,374,1.0
388,438,1.0
480,540,1.0
487,462,1.0
436,431,1.0
436,484,1.0
493,451,1.0
376,471,1.0
460,465,1.0
531,539,1.0
438,444,1.0
568,541,1.0
524,514,1.0
438,500,1.0
475,514,1.0
444,415,1.0
374,561,1.0
417,421,1.0
553,506,1.0
511,456,1.0
353,537,1.0
456,462,1.0
400,514,1.0
391,465,1.0
470,547,1.0
436,492,1.0
507,515,1.0
531,519,1.0
538,492,1.0
382,555,1.0
389,380,1.0
434,490,1.0
540,469,1.0
413,402,1.0
412,378,1.0
496,488,1.0
545,456,1.0
516,554,1.0
539,366,1.0
481,522,1.0
424,381,1.0
373,391,1.0
497,483,1.0
353,475,1.0
546,497,1.0
554,469,1.0
393,501,1.0
523,475,1.0
394,438,1.0
387,506,1.0
428,408,1.0
475,452,1.0
373,525,1.0
378,513,1.0
350,397,1.0
396,548,1.0
475,400,1.0
524,408,1.0
497,438,1.0
460,508,1.0
559,402,1.0
434,431,1.0
419,484,1.0
453,498,1.0
438,456,1.0
400,559,1.0
417,376,1.0
525,367,1.0
541,432,1.0
408,419,1.0
452,465,1.0
173,34,1.0
555,510,1.0
456,373,1.0
413,465,1.0
510,354,1.0
366,520,1.0
374,514,1.0
505,516,1.0
493,512,1.0
515,409,1.0
435,459,1.0
547,557,1.0
352,494,1.0
537,395,1.0
417,408,1.0
376,545,1.0
567,423,1.0
525,548,1.0
520,517,1.0
461,413,1.0
497,557,1.0
512,395,1.0
445,500,1.0
422,419,1.0
475,428,1.0
532,437,1.0
528,412,1.0
570,520,1.0
374,520,1.0
548,474,1.0
543,355,1.0
438,446,1.0
414,513,1.0
378,461,1.0
544,507,1.0
428,473,1.0
498,453,1.0
484,375,1.0
504,426,1.0
500,368,1.0
542,508,1.0
492,544,1.0
512,398,1.0
465,495,1.0
563,434,1.0
493,430,1.0
458,391,1.0
524,515,1.0
417,438,1.0
465,500,1.0
353,500,1.0
397,419,1.0
363,542,1.0
475,392,1.0
463,519,1.0
563,500,1.0
542,524,1.0
493,539,1.0
353,561,1.0
372,444,1.0
569,514,1.0
525,514,1.0
520,438,1.0
483,374,1.0
387,408,1.0
545,558,1.0
547,519,1.0
458,490,1.0
561,471,1.0
469,553,1.0
436,561,1.0
457,369,1.0
515,492,1.0
531,450,1.0
414,556,1.0
475,561,1.0
412,422,1.0
527,524,1.0
414,480,1.0
402,508,1.0
506,373,1.0
497,555,1.0
410,547,1.0
374,569,1.0
495,465,1.0
378,484,1.0
483,494,1.0
451,420,1.0
411,498,1.0
513,436,1.0
430,484,1.0
370,563,1.0
496,482,1.0
424,509,1.0
463,452,1.0
545,536,1.0
515,394,1.0
414,378,1.0
507,451,1.0
460,524,1.0
368,404,1.0
535,463,1.0
452,544,1.0
520,542,1.0
548,515,1.0
506,460,1.0
475,390,1.0
475,432,1.0
414,427,1.0
456,484,1.0
531,489,1.0
493,559,1.0
392,500,1.0
436,563,1.0
372,547,1.0
455,553,1.0
496,515,1.0
414,400,1.0
559,438,1.0
514,370,1.0
561,461,1.0
519,463,1.0
507,470,1.0
434,412,1.0
485,397,1.0
450,376,1.0
376,567,1.0
360,567,1.0
495,514,1.0
428,484,1.0
463,531,1.0
376,520,1.0
496,376,1.0
479,542,1.0
450,463,1.0
479,515,1.0
526,363,1.0
570,497,1.0
561,398,1.0
434,458,1.0
370,540,1.0
514,417,1.0
492,391,1.0
474,382,1.0
493,353,1.0
483,414,1.0
548,438,1.0
419,526,1.0
381,419,1.0
418,547,1.0
396,422,1.0
395,536,1.0
479,417,1.0
376,397,1.0
510,513,1.0
542,500,1.0
422,360,1.0
483,542,1.0
415,444,1.0
496,434,1.0
513,408,1.0
455,500,1.0
397,570,1.0
558,402,1.0
440,479,1.0
542,463,1.0
361,555,1.0
524,460,1.0
497,355,1.0
362,460,1.0
469,505,1.0
452,506,1.0
567,471,1.0
475,492,1.0
428,515,1.0
493,445,1.0
355,519,1.0
368,378,1.0
506,553,1.0
362,560,1.0
497,526,1.0
531,455,1.0
548,388,1.0
497,500,1.0
412,352,1.0
440,484,1.0
536,408,1.0
501,476,1.0
489,519,1.0
487,409,1.0
436,402,1.0
542,366,1.0
500,547,1.0
519,481,1.0
419,368,1.0
349,508,1.0
434,517,1.0
352,493,1.0
475,496,1.0
397,369,1.0
432,513,1.0
557,452,1.0
445,487,1.0
357,477,1.0
510,407,1.0
536,494,1.0
494,375,1.0
505,509,1.0
555,489,1.0
368,500,1.0
526,368,1.0
417,508,1.0
566,484,1.0
455,497,1.0
455,561,1.0
559,507,1.0
560,460,1.0
412,456,1.0
570,460,1.0
514,566,1.0
426,471,1.0
545,559,1.0
538,526,1.0
374,527,1.0
525,559,1.0
352,479,1.0
374,483,1.0
490,458,1.0
373,566,1.0
492,538,1.0
544,444,1.0
398,395,1.0
536,511,1.0
432,555,1.0
370,471,1.0
404,494,1.0
367,359,1.0
432,422,1.0
503,368,1.0
439,514,1.0
545,497,1.0
376,546,1.0
493,421,1.0
363,565,1.0
568,522,1.0
397,477,1.0
545,543,1.0
561,524,1.0
407,490,1.0
520,523,1.0
517,479,1.0
556,475,1.0
540,560,1.0
487,445,1.0
482,363,1.0
441,393,1.0
557,519,1.0
525,524,1.0
465,431,1.0
463,507,1.0
367,355,1.0
353,524,1.0
463,355,1.0
456,497,1.0
432,514,1.0
559,483,1.0
423,517,1.0
564,441,1.0
510,360,1.0
559,527,1.0
417,445,1.0
457,397,1.0
361,531,1.0
487,353,1.0
505,457,1.0
392,487,1.0
489,354,1.0
555,452,1.0
532,467,1.0
355,475,1.0
544,418,1.0
419,551,1.0
503,431,1.0
419,488,1.0
500,416,1.0
456,511,1.0
374,363,1.0
428,423,1.0
423,465,1.0
567,374,1.0
412,417,1.0
553,471,1.0
523,388,1.0
395,517,1.0
517,439,1.0
547,474,1.0
451,513,1.0
374,563,1.0
517,515,1.0
369,477,1.0
521,500,1.0
527,525,1.0
450,547,1.0
414,434,1.0
538,444,1.0
389,369,1.0
405,376,1.0
551,554,1.0
486,516,1.0
391,544,1.0
517,561,1.0
374,475,1.0
544,514,1.0
567,525,1.0
354,450,1.0
517,497,1.0
520,394,1.0
525,483,1.0
512,428,1.0
423,523,1.0
563,508,1.0
512,404,1.0
402,397,1.0
442,439,1.0
389,397,1.0
362,535,1.0
484,566,1.0
517,536,1.0
407,533,1.0
398,538,1.0
453,443,1.0
548,410,1.0
535,362,1.0
559,515,1.0
361,470,1.0
417,514,1.0
465,544,1.0
350,484,1.0
513,525,1.0
375,368,1.0
400,419,1.0
387,400,1.0
378,542,1.0
363,553,1.0
360,561,1.0
460,353,1.0
396,367,1.0
402,567,1.0
517,507,1.0
556,445,1.0
376,431,1.0
544,360,1.0
484,515,1.0
444,531,1.0
544,366,1.0
538,395,1.0
422,359,1.0
414,515,1.0
369,378,1.0
555,360,1.0
513,479,1.0
465,428,1.0
396,557,1.0
491,502,1.0
513,395,1.0
530,372,1.0
455,372,1.0
479,395,1.0
521,544,1.0
563,407,1.0
503,517,1.0
439,376,1.0
426,525,1.0
354,470,1.0
561,536,1.0
367,546,1.0
520,513,1.0
544,561,1.0
391,491,1.0
414,394,1.0
431,482,1.0
555,458,1.0
398,352,1.0
506,370,1.0
462,536,1.0
369,424,1.0
414,475,1.0
419,536,1.0
508,478,1.0
353,483,1.0
421,545,1.0
506,397,1.0
395,404,1.0
518,516,1.0
551,459,1.0
528,407,1.0
497,525,1.0
376,515,1.0
402,563,1.0
561,387,1.0
522,504,1.0
500,404,1.0
363,482,1.0
365,408,1.0
561,378,1.0
444,507,1.0
465,535,1.0
422,414,1.0
465,567,1.0
465,526,1.0
563,475,1.0
370,417,1.0
531,500,1.0
493,497,1.0
362,463,1.0
404,515,1.0
567,439,1.0
353,526,1.0
479,473,1.0
458,407,1.0
354,555,1.0
475,521,1.0
414,173,1.0
503,559,1.0
514,353,1.0
434,515,1.0
404,561,1.0
408,375,1.0
471,553,1.0
390,450,1.0
511,479,1.0
566,394,1.0
402,428,1.0
400,428,1.0
353,542,1.0
419,475,1.0
490,491,1.0
456,512,1.0
537,566,1.0
553,438,1.0
397,523,1.0
560,417,1.0
507,444,1.0
355,489,1.0
433,350,1.0
434,534,1.0
391,423,1.0
503,416,1.0
440,408,1.0
367,376,1.0
531,568,1.0
432,430,1.0
428,523,1.0
471,373,1.0
551,419,1.0
482,553,1.0
503,542,1.0
376,395,1.0
493,366,1.0
497,430,1.0
561,559,1.0
526,538,1.0
572,467,1.0
473,483,1.0
492,352,1.0
513,432,1.0
500,373,1.0
544,492,1.0
553,520,1.0
563,397,1.0
424,516,1.0
566,483,1.0
367,504,1.0
395,436,1.0
374,417,1.0
519,548,1.0
475,403,1.0
565,475,1.0
559,514,1.0
424,554,1.0
34,173,1.0
372,558,1.0
519,350,1.0
514,570,1.0
394,559,1.0
481,367,1.0
536,538,1.0
460,360,1.0
463,418,1.0
497,545,1.0
463,555,1.0
370,415,1.0
359,530,1.0
360,428,1.0
446,438,1.0
566,434,1.0
561,513,1.0
432,545,1.0
368,371,1.0
553,560,1.0
432,363,1.0
439,507,1.0
515,414,1.0
517,465,1.0
466,504,1.0
422,555,1.0
368,398,1.0
531,470,1.0
370,388,1.0
415,445,1.0
566,430,1.0
566,378,1.0
398,412,1.0
513,431,1.0
391,487,1.0
510,528,1.0
397,389,1.0
514,503,1.0
527,412,1.0
428,479,1.0
416,563,1.0