Allegiant
113
379
58
95
106
144
179
181
201
221
242
268
7
22
30
33
50
54
78
83
99
100
102
104
108
152
174
216
217
219
223
224
226
233
234
248
256
269
26
29
31
38
46
76
88
98
105
133
166
193
195
204
211
215
244
260
262
266
13
66
82
85
86
110
117
119
175
191
196
197
237
284
9
51
94
134
172
177
190
250
252
271
14
21
44
48
69
101
127
194
207
218
149
254
138
157
167
188
246
257
55
60
19
210
120
182
90
53
93
156
91
209
264
145
200
19,7,1
19,53,1
19,55,1
19,60,1
19,93,1
19,120,1
19,145,1
19,167,1
19,200,1
19,210,1
19,264,1
46,53,1
46,120,1
46,210,1
93,257,1
93,53,1
93,55,1
93,60,1
93,48,1
93,83,1
93,120,1
93,134,1
93,138,1
93,149,1
93,157,1
93,167,1
93,190,1
93,86,1
93,196,1
93,207,1
93,210,1
93,218,1
93,254,1
93,21,1
90,9,1
90,14,1
90,257,1
90,53,1
90,55,1
90,60,1
90,48,1
90,101,1
90,105,1
90,120,1
90,138,1
90,149,1
90,157,1
90,167,1
90,172,1
90,193,1
90,262,1
91,9,1
91,14,1
91,257,1
91,44,1
91,53,1
91,55,1
91,60,1
91,48,1
91,66,1
91,69,1
91,88,1
91,94,1
91,101,1
91,110,1
91,117,1
91,120,1
91,134,1
91,138,1
91,149,1
91,157,1
91,172,1
91,177,1
91,191,1
91,38,1
91,197,1
91,207,1
91,210,1
91,211,1
91,215,1
91,216,1
91,218,1
91,226,1
91,51,1
91,252,1
91,254,1
91,256,1
91,266,1
91,268,1
127,257,1
127,53,1
127,55,1
127,60,1
127,120,1
127,210,1
145,7,1
145,13,1
145,257,1
145,26,1
145,29,1
145,31,1
145,33,1
145,44,1
145,53,1
145,58,1
145,69,1
145,76,1
145,82,1
145,85,1
145,95,1
145,98,1
145,99,1
145,100,1
145,101,1
145,102,1
145,119,1
145,120,1
145,133,1
145,138,1
145,144,1
145,157,1
145,166,1
145,167,1
145,174,1
145,175,1
145,177,1
145,179,1
145,86,1
145,194,1
145,195,1
145,196,1
145,197,1
145,204,1
145,207,1
145,209,1
145,219,1
145,221,1
145,51,1
145,233,1
145,242,1
145,248,1
145,250,1
145,252,1
145,254,1
145,260,1
145,271,1
145,284,1
156,26,1
156,31,1
156,44,1
156,53,1
156,69,1
156,82,1
156,85,1
156,100,1
156,119,1
156,133,1
156,152,1
156,166,1
156,167,1
156,175,1
156,181,1
156,86,1
156,195,1
156,196,1
156,204,1
156,217,1
156,250,1
156,254,1
156,271,1
156,284,1
182,9,1
182,257,1
182,53,1
182,54,1
182,55,1
182,60,1
182,66,1
182,94,1
182,110,1
182,117,1
182,120,1
182,149,1
182,191,1
182,210,1
182,215,1
182,262,1
188,53,1
188,55,1
188,60,1
188,48,1
188,120,1
188,200,1
188,210,1
188,218,1
188,264,1
190,14,1
190,53,1
190,138,1
190,246,1
194,82,1
194,119,1
194,133,1
194,175,1
194,209,1
200,9,1
200,13,1
200,14,1
200,22,1
200,257,1
200,29,1
200,30,1
200,44,1
200,50,1
200,53,1
200,54,1
200,55,1
200,60,1
200,48,1
200,66,1
200,69,1
200,76,1
200,78,1
200,83,1
200,85,1
200,88,1
200,94,1
200,98,1
200,101,1
200,104,1
200,105,1
200,106,1
200,108,1
200,110,1
200,117,1
200,120,1
200,134,1
200,138,1
200,149,1
200,152,1
200,157,1
200,167,1
200,172,1
200,177,1
200,191,1
200,38,1
200,193,1
200,86,1
200,196,1
200,197,1
200,201,1
200,207,1
200,210,1
200,211,1
200,215,1
200,218,1
200,223,1
200,224,1
200,226,1
200,51,1
200,233,1
200,248,1
200,250,1
200,252,1
200,254,1
200,266,1
200,269,1
200,271,1
200,284,1
209,13,1
209,257,1
209,26,1
209,29,1
209,31,1
209,33,1
209,44,1
209,53,1
209,69,1
209,82,1
209,85,1
209,94,1
209,98,1
209,99,1
209,101,1
209,102,1
209,119,1
209,120,1
209,134,1
209,157,1
209,166,1
209,167,1
209,172,1
209,174,1
209,175,1
209,177,1
209,195,1
209,197,1
209,204,1
209,207,1
209,217,1
209,219,1
209,51,1
209,250,1
209,252,1
209,254,1
209,256,1
209,260,1
209,264,1
209,284,1
234,76,1
234,260,1
237,53,1
237,200,1
237,210,1
237,218,1
244,53,1
244,120,1
244,210,1
246,53,1
246,55,1
246,60,1
246,120,1
246,149,1
246,157,1
246,210,1
246,21,1
264,9,1
264,13,1
264,14,1
264,22,1
264,257,1
264,30,1
264,44,1
264,50,1
264,53,1
264,55,1
264,60,1
264,48,1
264,66,1
264,69,1
264,78,1
264,88,1
264,94,1
264,101,1
264,104,1
264,105,1
264,108,1
264,110,1
264,117,1
264,120,1
264,134,1
264,138,1
264,149,1
264,157,1
264,167,1
264,172,1
264,177,1
264,191,1
264,38,1
264,193,1
264,207,1
264,210,1
264,211,1
264,216,1
264,218,1
264,223,1
264,224,1
264,51,1
264,250,1
264,252,1
264,254,1
264,262,1
264,266,1
264,269,1
264,271,1
21,14,1
21,53,1
21,138,1
21,271,1
