Delta
290
688
1
2
3
4
5
6
7
8
9
10
11
12
13
14
15
16
17
18
19
20
21
22
23
24
25
26
27
28
29
30
31
32
33
34
35
36
37
38
39
40
41
42
43
44
45
46
47
48
49
50
51
52
53
54
55
56
57
58
59
60
61
62
63
64
65
66
67
68
69
70
71
72
73
74
75
76
77
78
79
80
81
82
83
84
85
86
87
88
89
90
91
92
93
94
95
96
97
98
99
100
101
102
103
104
105
106
107
108
109
110
111
112
113
114
115
116
117
118
119
120
121
122
123
124
125
126
127
128
129
130
131
132
133
134
135
136
137
138
139
140
141
142
143
144
145
146
147
148
149
150
151
152
153
154
155
156
157
158
159
160
161
162
163
164
165
166
167
168
169
170
171
172
173
174
175
176
177
178
179
180
181
182
183
184
185
186
187
188
189
190
191
192
193
194
195
196
197
198
199
200
201
202
203
204
205
206
207
208
209
210
211
212
213
214
215
216
217
218
219
220
221
222
223
224
225
226
227
228
229
230
231
232
233
234
235
236
237
238
239
240
241
242
243
244
245
246
247
248
249
250
251
252
253
254
255
256
257
258
259
260
261
262
263
264
265
266
267
268
269
270
271
272
273
274
275
276
277
278
279
280
281
282
283
284
285
286
287
288
289
290
1,16,1.0
1,173,1.0
4,16,1.0
7,16,1.0
7,173,1.0
8,16,1.0
10,70,1.0
13,16,1.0
13,70,1.0
14,189,1.0
15,16,1.0
15,173,1.0
16,5,1.0
16,6,1.0
16,9,1.0
16,12,1.0
16,14,1.0
16,18,1.0
16,21,1.0
16,32,1.0
16,37,1.0
16,38,1.0
16,40,1.0
16,44,1.0
16,46,1.0
16,48,1.0
16,49,1.0
16,59,1.0
16,61,1.0
16,67,1.0
16,86,1.0
16,90,1.0
16,91,1.0
16,96,1.0
16,104,1.0
16,105,1.0
16,110,1.0
16,111,1.0
16,115,1.0
16,127,1.0
16,136,1.0
16,161,1.0
16,169,1.0
16,182,1.0
16,186,1.0
16,189,1.0
16,192,1.0
16,193,1.0
16,200,1.0
16,203,1.0
16,206,1.0
16,208,1.0
16,210,1.0
16,214,1.0
16,216,1.0
16,218,1.0
16,223,1.0
16,224,1.0
16,226,1.0
16,244,1.0
16,246,1.0
16,229,1.0
16,262,1.0
16,263,1.0
16,264,1.0
16,275,1.0
16,93,1.0
16,277,1.0
16,281,1.0
16,283,1.0
16,286,1.0
16,289,1.0
18,189,1.0
19,16,1.0
19,32,1.0
19,53,1.0
19,70,1.0
19,173,1.0
19,189,1.0
19,218,1.0
21,189,1.0
23,16,1.0
25,173,1.0
26,173,1.0
28,16,1.0
28,70,1.0
28,189,1.0
28,200,1.0
29,173,1.0
30,16,1.0
31,156,1.0
31,173,1.0
31,231,1.0
33,16,1.0
33,173,1.0
33,189,1.0
34,173,1.0
38,32,1.0
39,231,1.0
43,231,1.0
46,32,1.0
46,189,1.0
47,16,1.0
48,189,1.0
49,189,1.0
50,16,1.0
50,70,1.0
51,16,1.0
51,53,1.0
51,70,1.0
51,189,1.0
52,173,1.0
53,16,1.0
53,21,1.0
53,32,1.0
53,48,1.0
53,90,1.0
53,91,1.0
53,111,1.0
53,189,1.0
53,200,1.0
53,208,1.0
53,218,1.0
53,264,1.0
53,277,1.0
55,16,1.0
55,111,1.0
55,189,1.0
55,200,1.0
55,218,1.0
58,16,1.0
59,189,1.0
60,16,1.0
60,32,1.0
60,91,1.0
60,169,1.0
60,189,1.0
60,200,1.0
60,218,1.0
62,16,1.0
65,16,1.0
65,53,1.0
65,70,1.0
65,173,1.0
65,189,1.0
66,16,1.0
66,189,1.0
68,16,1.0
68,53,1.0
68,70,1.0
68,173,1.0
68,189,1.0
69,16,1.0
69,70,1.0
69,189,1.0
70,4,1.0
70,6,1.0
70,9,1.0
70,16,1.0
70,21,1.0
70,27,1.0
70,32,1.0
70,38,1.0
70,40,1.0
70,44,1.0
70,46,1.0
70,48,1.0
70,53,1.0
70,55,1.0
70,60,1.0
70,66,1.0
70,78,1.0
70,80,1.0
70,83,1.0
70,90,1.0
70,91,1.0
70,94,1.0
70,104,1.0
70,105,1.0
70,110,1.0
70,111,1.0
70,120,1.0
70,124,1.0
70,127,1.0
70,161,1.0
70,169,1.0
70,182,1.0
70,189,1.0
70,193,1.0
70,200,1.0
70,207,1.0
70,208,1.0
70,209,1.0
70,210,1.0
70,216,1.0
70,218,1.0
70,223,1.0
70,226,1.0
70,244,1.0
70,246,1.0
70,252,1.0
70,258,1.0
70,262,1.0
70,264,1.0
70,277,1.0
70,281,1.0
70,283,1.0
70,286,1.0
71,16,1.0
73,173,1.0
75,16,1.0
76,16,1.0
77,231,1.0
81,70,1.0
82,231,1.0
83,16,1.0
85,16,1.0
85,173,1.0
86,16,1.0
86,53,1.0
86,189,1.0
88,16,1.0
95,231,1.0
90,32,1.0
90,189,1.0
90,218,1.0
91,32,1.0
91,189,1.0
92,16,1.0
94,16,1.0
101,16,1.0
101,70,1.0
101,189,1.0
101,200,1.0
98,173,1.0
102,173,1.0
103,16,1.0
103,70,1.0
104,189,1.0
105,189,1.0
106,16,1.0
109,173,1.0
113,16,1.0
113,173,1.0
114,173,1.0
116,16,1.0
116,53,1.0
116,70,1.0
116,173,1.0
116,189,1.0
118,16,1.0
118,70,1.0
119,173,1.0
119,231,1.0
120,16,1.0
120,32,1.0
120,91,1.0
120,169,1.0
120,189,1.0
120,200,1.0
120,218,1.0
121,173,1.0
122,70,1.0
125,16,1.0
126,16,1.0
126,173,1.0
126,189,1.0
127,32,1.0
127,189,1.0
132,70,1.0
133,16,1.0
133,173,1.0
134,16,1.0
134,32,1.0
134,53,1.0
134,70,1.0
134,173,1.0
134,189,1.0
134,200,1.0
138,16,1.0
138,70,1.0
138,189,1.0
141,16,1.0
143,70,1.0
145,16,1.0
145,53,1.0
145,70,1.0
145,173,1.0
145,189,1.0
148,231,1.0
149,16,1.0
149,70,1.0
149,189,1.0
149,277,1.0
151,16,1.0
151,173,1.0
152,16,1.0
152,70,1.0
153,231,1.0
156,7,1.0
156,15,1.0
156,16,1.0
156,19,1.0
156,32,1.0
156,33,1.0
156,53,1.0
156,60,1.0
156,65,1.0
156,68,1.0
156,70,1.0
156,115,1.0
156,120,1.0
156,126,1.0
156,131,1.0
156,133,1.0
156,134,1.0
156,139,1.0
156,145,1.0
156,150,1.0
156,167,1.0
156,169,1.0
156,173,1.0
156,184,1.0
156,188,1.0
156,189,1.0
156,200,1.0
156,209,1.0
156,218,1.0
156,231,1.0
156,233,1.0
156,234,1.0
156,264,1.0
156,270,1.0
156,277,1.0
157,16,1.0
157,70,1.0
157,189,1.0
157,200,1.0
160,16,1.0
160,70,1.0
160,189,1.0
160,277,1.0
163,70,1.0
166,231,1.0
167,16,1.0
167,70,1.0
167,189,1.0
167,200,1.0
169,32,1.0
169,189,1.0
169,218,1.0
169,277,1.0
171,70,1.0
172,16,1.0
172,32,1.0
172,53,1.0
172,70,1.0
172,189,1.0
172,200,1.0
173,6,1.0
173,12,1.0
173,13,1.0
173,16,1.0
173,21,1.0
173,30,1.0
173,32,1.0
173,38,1.0
173,44,1.0
173,48,1.0
173,51,1.0
173,53,1.0
173,55,1.0
173,60,1.0
173,69,1.0
173,70,1.0
173,84,1.0
173,86,1.0
173,88,1.0
173,90,1.0
173,91,1.0
173,94,1.0
173,98,1.0
173,101,1.0
173,103,1.0
173,111,1.0
173,115,1.0
173,120,1.0
173,122,1.0
173,127,1.0
173,132,1.0
173,138,1.0
173,140,1.0
173,143,1.0
173,149,1.0
173,157,1.0
173,160,1.0
173,163,1.0
173,167,1.0
173,169,1.0
173,171,1.0
173,172,1.0
173,177,1.0
173,184,1.0
173,188,1.0
173,189,1.0
173,193,1.0
173,200,1.0
173,207,1.0
173,208,1.0
173,209,1.0
173,210,1.0
173,218,1.0
173,222,1.0
173,223,1.0
173,225,1.0
173,226,1.0
173,245,1.0
173,246,1.0
173,252,1.0
173,257,1.0
173,262,1.0
173,264,1.0
173,267,1.0
173,277,1.0
173,280,1.0
173,281,1.0
174,173,1.0
175,16,1.0
175,173,1.0
176,16,1.0
177,16,1.0
177,70,1.0
178,16,1.0
180,16,1.0
181,16,1.0
182,32,1.0
182,189,1.0
184,16,1.0
184,32,1.0
184,53,1.0
184,70,1.0
184,189,1.0
184,200,1.0
184,218,1.0
188,16,1.0
188,32,1.0
188,70,1.0
188,189,1.0
189,22,1.0
189,32,1.0
189,38,1.0
189,40,1.0
189,161,1.0
189,183,1.0
189,193,1.0
189,226,1.0
189,262,1.0
193,32,1.0
193,189,1.0
194,16,1.0
194,156,1.0
194,231,1.0
196,16,1.0
196,70,1.0
196,173,1.0
197,16,1.0
197,70,1.0
197,173,1.0
197,189,1.0
197,277,1.0
199,16,1.0
199,70,1.0
199,145,1.0
199,173,1.0
199,231,1.0
200,32,1.0
200,111,1.0
200,169,1.0
200,189,1.0
200,210,1.0
200,218,1.0
200,277,1.0
202,173,1.0
202,231,1.0
204,173,1.0
204,231,1.0
205,10,1.0
205,70,1.0
207,16,1.0
207,70,1.0
208,189,1.0
209,16,1.0
209,70,1.0
209,173,1.0
209,189,1.0
210,32,1.0
210,189,1.0
212,231,1.0
213,16,1.0
213,70,1.0
213,115,1.0
213,156,1.0
213,173,1.0
213,189,1.0
213,231,1.0
218,21,1.0
218,32,1.0
218,111,1.0
218,189,1.0
218,208,1.0
219,16,1.0
219,173,1.0
220,231,1.0
221,16,1.0
221,173,1.0
221,231,1.0
223,32,1.0
223,189,1.0
225,16,1.0
228,16,1.0
228,156,1.0
228,173,1.0
228,231,1.0
231,7,1.0
231,12,1.0
231,15,1.0
231,16,1.0
231,19,1.0
231,21,1.0
231,26,1.0
231,32,1.0
231,33,1.0
231,41,1.0
231,42,1.0
231,48,1.0
231,51,1.0
231,53,1.0
231,56,1.0
231,58,1.0
231,65,1.0
231,68,1.0
231,69,1.0
231,70,1.0
231,90,1.0
231,100,1.0
231,102,1.0
231,114,1.0
231,115,1.0
231,116,1.0
231,120,1.0
231,126,1.0
231,131,1.0
231,133,1.0
231,134,1.0
231,160,1.0
231,172,1.0
231,173,1.0
231,175,1.0
231,184,1.0
231,188,1.0
231,189,1.0
231,196,1.0
231,197,1.0
231,200,1.0
231,208,1.0
231,209,1.0
231,210,1.0
231,218,1.0
231,219,1.0
231,233,1.0
231,257,1.0
231,264,1.0
231,270,1.0
231,271,1.0
231,277,1.0
231,282,1.0
233,16,1.0
233,70,1.0
233,173,1.0
233,189,1.0
234,16,1.0
234,70,1.0
234,145,1.0
234,173,1.0
234,189,1.0
234,231,1.0
235,16,1.0
235,32,1.0
235,53,1.0
235,70,1.0
235,156,1.0
235,173,1.0
235,189,1.0
235,231,1.0
236,16,1.0
236,145,1.0
236,156,1.0
236,173,1.0
236,189,1.0
236,231,1.0
244,189,1.0
245,70,1.0
246,32,1.0
246,189,1.0
247,12,1.0
247,16,1.0
247,19,1.0
247,31,1.0
247,32,1.0
247,33,1.0
247,51,1.0
247,53,1.0
247,68,1.0
247,70,1.0
247,82,1.0
247,84,1.0
247,90,1.0
247,115,1.0
247,120,1.0
247,126,1.0
247,130,1.0
247,131,1.0
247,134,1.0
247,135,1.0
247,139,1.0
247,145,1.0
247,150,1.0
247,156,1.0
247,166,1.0
247,172,1.0
247,173,1.0
247,184,1.0
247,188,1.0
247,189,1.0
247,199,1.0
247,200,1.0
247,202,1.0
247,204,1.0
247,209,1.0
247,213,1.0
247,218,1.0
247,220,1.0
247,228,1.0
247,231,1.0
247,234,1.0
247,235,1.0
247,236,1.0
247,251,1.0
247,253,1.0
247,270,1.0
247,277,1.0
248,16,1.0
250,16,1.0
250,173,1.0
252,16,1.0
253,156,1.0
253,173,1.0
253,231,1.0
254,16,1.0
255,231,1.0
257,16,1.0
257,53,1.0
257,70,1.0
257,189,1.0
257,200,1.0
261,231,1.0
264,32,1.0
264,189,1.0
264,218,1.0
267,16,1.0
267,70,1.0
267,189,1.0
269,16,1.0
270,16,1.0
270,173,1.0
271,16,1.0
271,70,1.0
271,173,1.0
272,231,1.0
277,189,1.0
277,218,1.0
280,70,1.0
281,32,1.0
281,189,1.0
284,16,1.0
284,173,1.0
288,173,1.0
289,189,1.0
