Southwest
290
717
1
2
3
4
5
6
7
8
9
10
11
12
13
14
15
16
17
18
19
20
21
22
23
24
25
26
27
28
29
30
31
32
33
34
35
36
37
38
39
40
41
42
43
44
45
46
47
48
49
50
51
52
53
54
55
56
57
58
59
60
61
62
63
64
65
66
67
68
69
70
71
72
73
74
75
76
77
78
79
80
81
82
83
84
85
86
87
88
89
90
91
92
93
94
95
96
97
98
99
100
101
102
103
104
105
106
107
108
109
110
111
112
113
114
115
116
117
118
119
120
121
122
123
124
125
126
127
128
129
130
131
132
133
134
135
136
137
138
139
140
141
142
143
144
145
146
147
148
149
150
151
152
153
154
155
156
157
158
159
160
161
162
163
164
165
166
167
168
169
170
171
172
173
174
175
176
177
178
179
180
181
182
183
184
185
186
187
188
189
190
191
192
193
194
195
196
197
198
199
200
201
202
203
204
205
206
207
208
209
210
211
212
213
214
215
216
217
218
219
220
221
222
223
224
225
226
227
228
229
230
231
232
233
234
235
236
237
238
239
240
241
242
243
244
245
246
247
248
249
250
251
252
253
254
255
256
257
258
259
260
261
262
263
264
265
266
267
268
269
270
271
272
273
274
275
276
277
278
279
280
281
282
283
284
285
286
287
288
289
290
6,21,1.0
6,51,1.0
6,68,1.0
6,90,1.0
6,91,1.0
6,200,1.0
6,264,1.0
7,19,1.0
7,21,1.0
7,51,1.0
7,65,1.0
7,68,1.0
7,116,1.0
7,134,1.0
7,145,1.0
7,156,1.0
7,194,1.0
7,200,1.0
7,209,1.0
7,213,1.0
7,234,1.0
7,236,1.0
11,65,1.0
11,145,1.0
16,19,1.0
16,21,1.0
16,32,1.0
16,51,1.0
16,55,1.0
16,60,1.0
16,65,1.0
16,68,1.0
16,70,1.0
16,90,1.0
16,91,1.0
16,105,1.0
16,116,1.0
16,120,1.0
16,127,1.0
16,134,1.0
16,145,1.0
16,156,1.0
16,172,1.0
16,173,1.0
16,184,1.0
16,188,1.0
16,189,1.0
16,194,1.0
16,200,1.0
16,208,1.0
16,209,1.0
16,210,1.0
16,218,1.0
16,223,1.0
16,233,1.0
16,234,1.0
16,257,1.0
16,264,1.0
16,277,1.0
16,277,1.0
16,281,1.0
19,21,1.0
19,32,1.0
19,51,1.0
19,65,1.0
19,68,1.0
19,76,1.0
19,90,1.0
19,109,1.0
19,116,1.0
19,120,1.0
19,134,1.0
19,145,1.0
19,156,1.0
19,158,1.0
19,184,1.0
19,188,1.0
19,190,1.0
19,194,1.0
19,200,1.0
19,203,1.0
19,206,1.0
19,209,1.0
19,213,1.0
19,228,1.0
19,234,1.0
19,235,1.0
19,236,1.0
19,257,1.0
19,264,1.0
19,277,1.0
21,46,1.0
21,48,1.0
21,51,1.0
21,53,1.0
21,55,1.0
21,60,1.0
21,65,1.0
21,68,1.0
21,70,1.0
21,90,1.0
21,91,1.0
21,101,1.0
21,116,1.0
21,120,1.0
21,127,1.0
21,134,1.0
21,145,1.0
21,154,1.0
21,156,1.0
21,157,1.0
21,161,1.0
21,167,1.0
21,172,1.0
21,173,1.0
21,185,1.0
21,188,1.0
21,193,1.0
21,194,1.0
21,196,1.0
21,200,1.0
21,203,1.0
21,209,1.0
21,210,1.0
21,214,1.0
21,213,1.0
21,216,1.0
21,218,1.0
21,226,1.0
21,228,1.0
21,231,1.0
21,233,1.0
21,234,1.0
21,236,1.0
21,237,1.0
21,247,1.0
21,257,1.0
21,264,1.0
21,281,1.0
28,21,1.0
28,51,1.0
28,65,1.0
28,116,1.0
28,145,1.0
28,200,1.0
28,264,1.0
31,51,1.0
31,65,1.0
31,68,1.0
31,145,1.0
31,194,1.0
31,209,1.0
31,228,1.0
31,234,1.0
31,236,1.0
31,253,1.0
32,21,1.0
32,51,1.0
32,60,1.0
32,65,1.0
32,68,1.0
32,116,1.0
32,120,1.0
32,134,1.0
32,172,1.0
32,188,1.0
32,200,1.0
32,257,1.0
32,264,1.0
38,21,1.0
38,51,1.0
38,90,1.0
38,91,1.0
38,145,1.0
38,200,1.0
38,209,1.0
38,264,1.0
39,65,1.0
39,68,1.0
39,145,1.0
39,194,1.0
39,209,1.0
39,213,1.0
39,228,1.0
39,231,1.0
39,235,1.0
39,236,1.0
46,21,1.0
46,51,1.0
46,65,1.0
46,68,1.0
46,116,1.0
46,257,1.0
48,51,1.0
48,65,1.0
48,116,1.0
51,91,1.0
51,157,1.0
51,161,1.0
51,167,1.0
51,173,1.0
51,188,1.0
51,193,1.0
51,194,1.0
51,196,1.0
51,197,1.0
51,206,1.0
51,208,1.0
51,209,1.0
51,210,1.0
51,214,1.0
51,213,1.0
51,216,1.0
51,218,1.0
51,221,1.0
51,228,1.0
51,231,1.0
51,233,1.0
51,234,1.0
51,235,1.0
51,236,1.0
51,237,1.0
51,247,1.0
51,257,1.0
51,264,1.0
51,270,1.0
51,281,1.0
53,51,1.0
53,68,1.0
53,209,1.0
55,51,1.0
55,68,1.0
55,91,1.0
55,145,1.0
55,172,1.0
55,188,1.0
55,200,1.0
55,209,1.0
55,257,1.0
60,51,1.0
60,65,1.0
60,68,1.0
60,90,1.0
60,91,1.0
60,145,1.0
60,188,1.0
60,194,1.0
60,200,1.0
60,209,1.0
60,257,1.0
60,264,1.0
60,277,1.0
64,116,1.0
65,51,1.0
65,68,1.0
65,70,1.0
65,76,1.0
65,90,1.0
65,116,1.0
65,120,1.0
65,127,1.0
65,134,1.0
65,145,1.0
65,152,1.0
65,156,1.0
65,158,1.0
65,167,1.0
65,170,1.0
65,172,1.0
65,173,1.0
65,188,1.0
65,189,1.0
65,194,1.0
65,196,1.0
65,197,1.0
65,199,1.0
65,200,1.0
65,203,1.0
65,206,1.0
65,208,1.0
65,209,1.0
65,210,1.0
65,213,1.0
65,218,1.0
65,221,1.0
65,228,1.0
65,231,1.0
65,233,1.0
65,234,1.0
65,235,1.0
65,236,1.0
65,247,1.0
65,257,1.0
65,264,1.0
65,271,1.0
65,277,1.0
68,51,1.0
68,70,1.0
68,90,1.0
68,91,1.0
68,101,1.0
68,116,1.0
68,120,1.0
68,127,1.0
68,134,1.0
68,145,1.0
68,153,1.0
68,156,1.0
68,157,1.0
68,172,1.0
68,173,1.0
68,188,1.0
68,189,1.0
68,190,1.0
68,193,1.0
68,194,1.0
68,196,1.0
68,197,1.0
68,199,1.0
68,200,1.0
68,203,1.0
68,206,1.0
68,208,1.0
68,209,1.0
68,210,1.0
68,213,1.0
68,218,1.0
68,221,1.0
68,228,1.0
68,231,1.0
68,233,1.0
68,234,1.0
68,235,1.0
68,236,1.0
68,247,1.0
68,253,1.0
68,257,1.0
68,264,1.0
68,270,1.0
68,271,1.0
68,277,1.0
69,145,1.0
69,209,1.0
69,257,1.0
70,51,1.0
70,145,1.0
70,200,1.0
70,209,1.0
70,257,1.0
70,264,1.0
76,116,1.0
76,145,1.0
76,156,1.0
76,209,1.0
76,233,1.0
76,234,1.0
88,51,1.0
88,91,1.0
88,200,1.0
88,264,1.0
90,51,1.0
90,120,1.0
90,127,1.0
90,134,1.0
90,145,1.0
90,154,1.0
90,161,1.0
90,172,1.0
90,173,1.0
90,185,1.0
90,188,1.0
90,189,1.0
90,200,1.0
90,208,1.0
90,209,1.0
90,210,1.0
90,216,1.0
90,218,1.0
90,233,1.0
90,237,1.0
90,257,1.0
90,264,1.0
90,277,1.0
91,257,1.0
101,51,1.0
101,91,1.0
101,200,1.0
101,264,1.0
111,21,1.0
111,51,1.0
111,68,1.0
111,90,1.0
111,91,1.0
111,145,1.0
111,200,1.0
111,257,1.0
111,264,1.0
111,281,1.0
116,51,1.0
116,109,1.0
116,120,1.0
116,127,1.0
116,134,1.0
116,145,1.0
116,156,1.0
116,167,1.0
116,170,1.0
116,172,1.0
116,188,1.0
116,189,1.0
116,194,1.0
116,196,1.0
116,197,1.0
116,199,1.0
116,200,1.0
116,206,1.0
116,209,1.0
116,210,1.0
116,213,1.0
116,218,1.0
116,231,1.0
116,233,1.0
116,234,1.0
116,236,1.0
116,237,1.0
116,247,1.0
116,257,1.0
116,264,1.0
116,271,1.0
120,51,1.0
120,91,1.0
120,134,1.0
120,145,1.0
120,156,1.0
120,188,1.0
120,194,1.0
120,200,1.0
120,209,1.0
120,234,1.0
120,264,1.0
127,51,1.0
134,51,1.0
134,91,1.0
134,172,1.0
134,173,1.0
134,188,1.0
134,194,1.0
134,200,1.0
134,206,1.0
134,209,1.0
134,213,1.0
134,218,1.0
134,233,1.0
134,234,1.0
134,247,1.0
134,257,1.0
134,264,1.0
145,51,1.0
145,134,1.0
145,152,1.0
145,153,1.0
145,156,1.0
145,157,1.0
145,158,1.0
145,170,1.0
145,172,1.0
145,173,1.0
145,188,1.0
145,194,1.0
145,196,1.0
145,197,1.0
145,199,1.0
145,200,1.0
145,208,1.0
145,209,1.0
145,210,1.0
145,213,1.0
145,218,1.0
145,221,1.0
145,228,1.0
145,231,1.0
145,233,1.0
145,234,1.0
145,235,1.0
145,236,1.0
145,247,1.0
145,257,1.0
145,264,1.0
145,270,1.0
145,271,1.0
152,209,1.0
152,257,1.0
153,194,1.0
153,228,1.0
154,200,1.0
154,264,1.0
154,281,1.0
156,51,1.0
156,134,1.0
156,172,1.0
156,188,1.0
156,194,1.0
156,197,1.0
156,209,1.0
156,210,1.0
156,213,1.0
156,221,1.0
156,228,1.0
156,231,1.0
156,233,1.0
156,235,1.0
156,236,1.0
156,257,1.0
156,264,1.0
156,270,1.0
157,264,1.0
161,264,1.0
167,264,1.0
172,91,1.0
172,209,1.0
172,234,1.0
172,235,1.0
172,247,1.0
172,257,1.0
172,264,1.0
173,91,1.0
173,194,1.0
173,209,1.0
173,257,1.0
173,264,1.0
184,16,1.0
184,19,1.0
184,21,1.0
184,32,1.0
184,46,1.0
184,48,1.0
184,51,1.0
184,55,1.0
184,60,1.0
184,65,1.0
184,68,1.0
184,70,1.0
184,90,1.0
184,91,1.0
184,116,1.0
184,127,1.0
184,134,1.0
184,145,1.0
184,156,1.0
184,172,1.0
184,173,1.0
184,188,1.0
184,189,1.0
184,194,1.0
184,200,1.0
184,203,1.0
184,206,1.0
184,208,1.0
184,209,1.0
184,210,1.0
184,218,1.0
184,233,1.0
184,234,1.0
184,247,1.0
184,257,1.0
184,264,1.0
184,277,1.0
188,194,1.0
188,209,1.0
188,210,1.0
188,218,1.0
188,228,1.0
188,233,1.0
188,234,1.0
188,236,1.0
188,257,1.0
188,264,1.0
189,51,1.0
189,134,1.0
189,172,1.0
189,209,1.0
189,257,1.0
189,264,1.0
190,51,1.0
190,90,1.0
190,120,1.0
190,194,1.0
190,200,1.0
190,209,1.0
190,234,1.0
190,257,1.0
194,199,1.0
194,209,1.0
194,213,1.0
194,221,1.0
194,231,1.0
194,233,1.0
194,234,1.0
194,247,1.0
194,257,1.0
194,270,1.0
196,257,1.0
197,257,1.0
197,264,1.0
200,51,1.0
200,157,1.0
200,161,1.0
200,167,1.0
200,172,1.0
200,173,1.0
200,188,1.0
200,193,1.0
200,194,1.0
200,196,1.0
200,197,1.0
200,208,1.0
200,209,1.0
200,210,1.0
200,214,1.0
200,216,1.0
200,218,1.0
200,223,1.0
200,226,1.0
200,228,1.0
200,233,1.0
200,234,1.0
200,236,1.0
200,237,1.0
200,257,1.0
200,271,1.0
203,51,1.0
203,116,1.0
203,257,1.0
206,257,1.0
208,257,1.0
208,264,1.0
209,157,1.0
209,199,1.0
209,210,1.0
209,218,1.0
209,221,1.0
209,228,1.0
209,231,1.0
209,233,1.0
209,234,1.0
209,235,1.0
209,236,1.0
209,247,1.0
209,257,1.0
209,264,1.0
209,271,1.0
210,91,1.0
210,257,1.0
210,264,1.0
213,228,1.0
213,234,1.0
213,235,1.0
213,236,1.0
213,257,1.0
216,91,1.0
216,264,1.0
218,257,1.0
218,264,1.0
221,234,1.0
221,236,1.0
226,91,1.0
226,264,1.0
228,199,1.0
228,257,1.0
231,228,1.0
233,257,1.0
233,264,1.0
234,228,1.0
234,231,1.0
234,233,1.0
234,235,1.0
234,236,1.0
234,247,1.0
234,257,1.0
234,264,1.0
234,270,1.0
235,199,1.0
235,257,1.0
236,199,1.0
236,231,1.0
236,257,1.0
247,228,1.0
247,236,1.0
247,257,1.0
253,51,1.0
253,145,1.0
253,194,1.0
253,209,1.0
253,228,1.0
253,236,1.0
257,264,1.0
257,271,1.0
277,51,1.0
277,90,1.0
277,91,1.0
277,116,1.0
277,134,1.0
277,172,1.0
277,188,1.0
277,197,1.0
277,200,1.0
277,200,1.0
277,216,1.0
277,257,1.0
277,264,1.0
281,208,1.0
281,210,1.0
281,216,1.0
281,257,1.0
284,145,1.0
284,209,1.0
284,257,1.0
