American_AND_Delta
290
119
1
2
3
4
5
6
7
8
9
10
11
12
13
14
15
16
17
18
19
20
21
22
23
24
25
26
27
28
29
30
31
32
33
34
35
36
37
38
39
40
41
42
43
44
45
46
47
48
49
50
51
52
53
54
55
56
57
58
59
60
61
62
63
64
65
66
67
68
69
70
71
72
73
74
75
76
77
78
79
80
81
82
83
84
85
86
87
88
89
90
91
92
93
94
95
96
97
98
99
100
101
102
103
104
105
106
107
108
109
110
111
112
113
114
115
116
117
118
119
120
121
122
123
124
125
126
127
128
129
130
131
132
133
134
135
136
137
138
139
140
141
142
143
144
145
146
147
148
149
150
151
152
153
154
155
156
157
158
159
160
161
162
163
164
165
166
167
168
169
170
171
172
173
174
175
176
177
178
179
180
181
182
183
184
185
186
187
188
189
190
191
192
193
194
195
196
197
198
199
200
201
202
203
204
205
206
207
208
209
210
211
212
213
214
215
216
217
218
219
220
221
222
223
224
225
226
227
228
229
230
231
232
233
234
235
236
237
238
239
240
241
242
243
244
245
246
247
248
249
250
251
252
253
254
255
256
257
258
259
260
261
262
263
264
265
266
267
268
269
270
271
272
273
274
275
276
277
278
279
280
281
282
283
284
285
286
287
288
289
290
7,156,1.000000
16,277,1.000000
16,209,1.000000
16,208,1.000000
16,189,1.000000
16,169,1.000000
16,156,1.000000
16,65,1.000000
16,51,1.000000
16,48,1.000000
19,189,1.000000
19,156,1.000000
21,189,1.000000
32,210,1.000000
32,189,1.000000
32,169,1.000000
32,156,1.000000
18,189,1.000000
22,189,1.000000
48,231,1.000000
48,189,1.000000
48,173,1.000000
48,70,1.000000
48,53,1.000000
15,156,1.000000
33,156,1.000000
49,189,1.000000
51,247,1.000000
51,231,1.000000
51,189,1.000000
51,173,1.000000
51,70,1.000000
51,53,1.000000
53,277,1.000000
53,208,1.000000
53,189,1.000000
53,65,1.000000
55,189,1.000000
60,189,1.000000
60,169,1.000000
60,156,1.000000
65,231,1.000000
65,189,1.000000
65,173,1.000000
65,156,1.000000
65,70,1.000000
68,189,1.000000
68,156,1.000000
86,189,1.000000
115,156,1.000000
120,189,1.000000
120,169,1.000000
120,156,1.000000
126,156,1.000000
131,156,1.000000
139,156,1.000000
145,189,1.000000
145,156,1.000000
150,156,1.000000
156,277,1.000000
156,270,1.000000
156,247,1.000000
156,236,1.000000
156,235,1.000000
156,234,1.000000
156,233,1.000000
156,231,1.000000
156,228,1.000000
156,218,1.000000
156,213,1.000000
156,209,1.000000
156,200,1.000000
156,189,1.000000
156,188,1.000000
156,184,1.000000
156,169,1.000000
70,277,1.000000
70,209,1.000000
70,208,1.000000
70,189,1.000000
70,169,1.000000
104,189,1.000000
157,189,1.000000
167,189,1.000000
169,277,1.000000
169,218,1.000000
169,200,1.000000
169,189,1.000000
169,173,1.000000
66,189,1.000000
173,277,1.000000
173,209,1.000000
173,208,1.000000
173,189,1.000000
182,189,1.000000
183,189,1.000000
184,189,1.000000
189,281,1.000000
189,277,1.000000
189,257,1.000000
189,247,1.000000
189,235,1.000000
189,223,1.000000
189,218,1.000000
189,210,1.000000
189,209,1.000000
189,208,1.000000
189,200,1.000000
189,193,1.000000
189,289,1.000000
189,267,1.000000
189,234,1.000000
189,213,1.000000
200,277,1.000000
208,231,1.000000
208,218,1.000000
209,247,1.000000
209,231,1.000000
218,277,1.000000
